Rate	44.44
Est Data	55.56
Rate Tried	% Accepted	Est Data Tried	% Accepted	Alpha Trait 1 - Dev	Alpha Trait 1 - Tried	Alpha Trait 1 - Accepted	Data - Dev	Data - Tried	Data - Accepted	Sample Ave Acceptance	Total Ave Acceptance	
432	0.768519	568	0.304577	5.785315	0	0.000000	1.169167	568	0.304577	0.505000	0.517866	
411	0.754258	589	0.354839	5.785315	0	0.000000	1.169167	589	0.354839	0.519000	0.517867	
446	0.755605	554	0.312274	5.785315	0	0.000000	1.169167	554	0.312274	0.510000	0.517859	
442	0.782805	558	0.317204	5.785315	0	0.000000	1.169167	558	0.317204	0.523000	0.517864	
431	0.761021	569	0.295255	5.785315	0	0.000000	1.169167	569	0.295255	0.496000	0.517842	
450	0.804444	550	0.309091	5.785315	0	0.000000	1.169167	550	0.309091	0.532000	0.517856	
467	0.794433	533	0.335835	5.785315	0	0.000000	1.169167	533	0.335835	0.550000	0.517888	
449	0.783964	551	0.254083	5.785315	0	0.000000	1.169167	551	0.254083	0.492000	0.517863	
456	0.760965	544	0.288603	5.785315	0	0.000000	1.169167	544	0.288603	0.504000	0.517849	
450	0.766667	550	0.274545	5.785315	0	0.000000	1.169167	550	0.274545	0.496000	0.517827	
430	0.755814	570	0.264912	5.785315	0	0.000000	1.169167	570	0.264912	0.476000	0.517786	
432	0.754630	568	0.285211	5.785315	0	0.000000	1.169167	568	0.285211	0.488000	0.517756	
452	0.774336	548	0.313869	5.785315	0	0.000000	1.169167	548	0.313869	0.522000	0.517761	
450	0.742222	550	0.290909	5.785315	0	0.000000	1.169167	550	0.290909	0.494000	0.517737	
434	0.744240	566	0.273852	5.785315	0	0.000000	1.169167	566	0.273852	0.478000	0.517698	
484	0.820248	516	0.296512	5.785315	0	0.000000	1.169167	516	0.296512	0.550000	0.517730	
420	0.750000	580	0.274138	5.785315	0	0.000000	1.169167	580	0.274138	0.474000	0.517687	
453	0.763797	547	0.279707	5.785315	0	0.000000	1.169167	547	0.279707	0.499000	0.517668	
455	0.731868	545	0.324771	5.785315	0	0.000000	1.169167	545	0.324771	0.510000	0.517661	
453	0.759382	547	0.296161	5.785315	0	0.000000	1.169167	547	0.296161	0.506000	0.517649	
478	0.811715	522	0.270115	5.785315	0	0.000000	1.169167	522	0.270115	0.529000	0.517661	
435	0.777011	565	0.306195	5.785315	0	0.000000	1.169167	565	0.306195	0.511000	0.517654	
453	0.761589	547	0.255941	5.785315	0	0.000000	1.169167	547	0.255941	0.485000	0.517622	
436	0.770642	564	0.313830	5.785315	0	0.000000	1.169167	564	0.313830	0.513000	0.517618	
465	0.789247	535	0.370093	5.785315	0	0.000000	1.169167	535	0.370093	0.565000	0.517664	
473	0.797040	527	0.322581	5.785315	0	0.000000	1.169167	527	0.322581	0.547000	0.517692	
445	0.757303	555	0.291892	5.785315	0	0.000000	1.169167	555	0.291892	0.499000	0.517674	
448	0.758929	552	0.369565	5.785315	0	0.000000	1.169167	552	0.369565	0.544000	0.517700	
440	0.725000	560	0.316071	5.785315	0	0.000000	1.169167	560	0.316071	0.496000	0.517679	
438	0.748858	562	0.345196	5.785315	0	0.000000	1.169167	562	0.345196	0.522000	0.517683	
449	0.730512	551	0.326679	5.785315	0	0.000000	1.169167	551	0.326679	0.508000	0.517674	
479	0.805846	521	0.330134	5.785315	0	0.000000	1.169167	521	0.330134	0.558000	0.517713	
440	0.763636	560	0.360714	5.785315	0	0.000000	1.169167	560	0.360714	0.538000	0.517732	
445	0.795506	555	0.344144	5.785315	0	0.000000	1.169167	555	0.344144	0.545000	0.517759	
447	0.847875	553	0.332731	5.785315	0	0.000000	1.169167	553	0.332731	0.563000	0.517802	
445	0.777528	555	0.309910	5.785315	0	0.000000	1.169167	555	0.309910	0.518000	0.517803	
442	0.814480	558	0.336918	5.785315	0	0.000000	1.169167	558	0.336918	0.548000	0.517832	
436	0.788991	564	0.331560	5.785315	0	0.000000	1.169167	564	0.331560	0.531000	0.517844	
400	0.752500	600	0.305000	5.785315	0	0.000000	1.169167	600	0.305000	0.484000	0.517812	
462	0.790043	538	0.342007	5.785315	0	0.000000	1.169167	538	0.342007	0.549000	0.517842	
443	0.803612	557	0.378815	5.785315	0	0.000000	1.169167	557	0.378815	0.567000	0.517889	
460	0.776087	540	0.335185	5.785315	0	0.000000	1.169167	540	0.335185	0.538000	0.517908	
426	0.769953	574	0.365854	5.785315	0	0.000000	1.169167	574	0.365854	0.538000	0.517928	
401	0.837905	599	0.367279	5.785315	0	0.000000	1.169167	599	0.367279	0.556000	0.517964	
450	0.768889	550	0.350909	5.785315	0	0.000000	1.169167	550	0.350909	0.539000	0.517984	
439	0.744875	561	0.351159	5.785315	0	0.000000	1.169167	561	0.351159	0.524000	0.517990	
446	0.780269	554	0.344765	5.785315	0	0.000000	1.169167	554	0.344765	0.539000	0.518010	
426	0.798122	574	0.275261	5.785315	0	0.000000	1.169167	574	0.275261	0.498000	0.517991	
437	0.787185	563	0.319716	5.785315	0	0.000000	1.169167	563	0.319716	0.524000	0.517997	
440	0.804545	560	0.289286	5.785315	0	0.000000	1.169167	560	0.289286	0.516000	0.517995	
464	0.760776	536	0.313433	5.785315	0	0.000000	1.169167	536	0.313433	0.521000	0.517998	
415	0.795181	585	0.364103	5.785315	0	0.000000	1.169167	585	0.364103	0.543000	0.518021	
428	0.759346	572	0.311189	5.785315	0	0.000000	1.169167	572	0.311189	0.503000	0.518007	
438	0.796804	562	0.357651	5.785315	0	0.000000	1.169167	562	0.357651	0.550000	0.518037	
412	0.798544	588	0.346939	5.785315	0	0.000000	1.169167	588	0.346939	0.533000	0.518052	
418	0.784689	582	0.347079	5.785315	0	0.000000	1.169167	582	0.347079	0.530000	0.518063	
449	0.828508	551	0.308530	5.785315	0	0.000000	1.169167	551	0.308530	0.542000	0.518086	
458	0.788210	542	0.297048	5.785315	0	0.000000	1.169167	542	0.297048	0.522000	0.518089	
439	0.769932	561	0.311943	5.785315	0	0.000000	1.169167	561	0.311943	0.513000	0.518084	
452	0.778761	548	0.352190	5.785315	0	0.000000	1.169167	548	0.352190	0.545000	0.518110	
456	0.752193	544	0.292279	5.785315	0	0.000000	1.169167	544	0.292279	0.502000	0.518095	
437	0.775744	563	0.287744	5.785315	0	0.000000	1.169167	563	0.287744	0.501000	0.518079	
445	0.777528	555	0.356757	5.785315	0	0.000000	1.169167	555	0.356757	0.544000	0.518103	
477	0.784067	523	0.275335	5.785315	0	0.000000	1.169167	523	0.275335	0.518000	0.518103	
436	0.740826	564	0.322695	5.785315	0	0.000000	1.169167	564	0.322695	0.505000	0.518091	
422	0.798578	578	0.323529	5.785315	0	0.000000	1.169167	578	0.323529	0.524000	0.518096	
448	0.799107	552	0.302536	5.785315	0	0.000000	1.169167	552	0.302536	0.525000	0.518103	
446	0.760090	554	0.301444	5.785315	0	0.000000	1.169167	554	0.301444	0.506000	0.518091	
469	0.812367	531	0.271186	5.785315	0	0.000000	1.169167	531	0.271186	0.525000	0.518098	
462	0.818182	538	0.312268	5.785315	0	0.000000	1.169167	538	0.312268	0.546000	0.518124	
447	0.778523	553	0.316456	5.785315	0	0.000000	1.169167	553	0.316456	0.523000	0.518128	
429	0.787879	571	0.338004	5.785315	0	0.000000	1.169167	571	0.338004	0.531000	0.518140	
434	0.741935	566	0.325088	5.785315	0	0.000000	1.169167	566	0.325088	0.506000	0.518129	
409	0.804401	591	0.302876	5.785315	0	0.000000	1.169167	591	0.302876	0.508000	0.518120	
433	0.822171	567	0.324515	5.785315	0	0.000000	1.169167	567	0.324515	0.540000	0.518140	
421	0.793349	579	0.279793	5.785315	0	0.000000	1.169167	579	0.279793	0.496000	0.518119	
408	0.799020	592	0.354730	5.785315	0	0.000000	1.169167	592	0.354730	0.536000	0.518136	
465	0.800000	535	0.336449	5.785315	0	0.000000	1.169167	535	0.336449	0.552000	0.518167	
448	0.745536	552	0.322464	5.785315	0	0.000000	1.169167	552	0.322464	0.512000	0.518162	
433	0.782910	567	0.319224	5.785315	0	0.000000	1.169167	567	0.319224	0.520000	0.518163	
410	0.807317	590	0.325424	5.785315	0	0.000000	1.169167	590	0.325424	0.523000	0.518168	
444	0.788288	556	0.271583	5.785315	0	0.000000	1.169167	556	0.271583	0.501000	0.518152	
458	0.768559	542	0.308118	5.785315	0	0.000000	1.169167	542	0.308118	0.519000	0.518153	
473	0.780127	527	0.339658	5.785315	0	0.000000	1.169167	527	0.339658	0.548000	0.518180	
462	0.807359	538	0.340149	5.785315	0	0.000000	1.169167	538	0.340149	0.556000	0.518215	
423	0.803783	577	0.344887	5.785315	0	0.000000	1.169167	577	0.344887	0.539000	0.518234	
420	0.771429	580	0.310345	5.785315	0	0.000000	1.169167	580	0.310345	0.504000	0.518221	
443	0.803612	557	0.337522	5.785315	0	0.000000	1.169167	557	0.337522	0.544000	0.518245	
432	0.831019	568	0.390845	5.785315	0	0.000000	1.169167	568	0.390845	0.581000	0.518303	
461	0.796095	539	0.339518	5.785315	0	0.000000	1.169167	539	0.339518	0.550000	0.518332	
435	0.843678	565	0.391150	5.785315	0	0.000000	1.169167	565	0.391150	0.588000	0.518395	
451	0.787140	549	0.371585	5.785315	0	0.000000	1.169167	549	0.371585	0.559000	0.518433	
458	0.775109	542	0.311808	5.785315	0	0.000000	1.169167	542	0.311808	0.524000	0.518438	
431	0.770302	569	0.316344	5.785315	0	0.000000	1.169167	569	0.316344	0.512000	0.518432	
422	0.755924	578	0.290657	5.785315	0	0.000000	1.169167	578	0.290657	0.487000	0.518403	
432	0.798611	568	0.306338	5.785315	0	0.000000	1.169167	568	0.306338	0.519000	0.518404	
440	0.743182	560	0.301786	5.785315	0	0.000000	1.169167	560	0.301786	0.496000	0.518383	
433	0.750577	567	0.282187	5.785315	0	0.000000	1.169167	567	0.282187	0.485000	0.518353	
431	0.763341	569	0.323374	5.785315	0	0.000000	1.169167	569	0.323374	0.513000	0.518348	
410	0.787805	590	0.293220	5.785315	0	0.000000	1.169167	590	0.293220	0.496000	0.518328	
447	0.747204	553	0.269439	5.785315	0	0.000000	1.169167	553	0.269439	0.483000	0.518296	
417	0.793765	583	0.341338	5.785315	0	0.000000	1.169167	583	0.341338	0.530000	0.518306	
422	0.791469	578	0.325260	5.785315	0	0.000000	1.169167	578	0.325260	0.522000	0.518310	
440	0.784091	560	0.310714	5.785315	0	0.000000	1.169167	560	0.310714	0.519000	0.518310	
446	0.784753	554	0.274368	5.785315	0	0.000000	1.169167	554	0.274368	0.502000	0.518295	
436	0.811927	564	0.292553	5.785315	0	0.000000	1.169167	564	0.292553	0.519000	0.518296	
454	0.740088	546	0.276557	5.785315	0	0.000000	1.169167	546	0.276557	0.487000	0.518268	
451	0.758315	549	0.284153	5.785315	0	0.000000	1.169167	549	0.284153	0.498000	0.518250	
426	0.793427	574	0.337979	5.785315	0	0.000000	1.169167	574	0.337979	0.532000	0.518262	
457	0.824945	543	0.342541	5.785315	0	0.000000	1.169167	543	0.342541	0.563000	0.518302	
461	0.774403	539	0.311688	5.785315	0	0.000000	1.169167	539	0.311688	0.525000	0.518308	
495	0.779798	505	0.314851	5.785315	0	0.000000	1.169167	505	0.314851	0.545000	0.518332	
468	0.801282	532	0.327068	5.785315	0	0.000000	1.169167	532	0.327068	0.549000	0.518360	
421	0.783848	579	0.341969	5.785315	0	0.000000	1.169167	579	0.341969	0.528000	0.518368	
433	0.808314	567	0.320988	5.785315	0	0.000000	1.169167	567	0.320988	0.532000	0.518381	
451	0.809313	549	0.349727	5.785315	0	0.000000	1.169167	549	0.349727	0.557000	0.518415	
448	0.790179	552	0.320652	5.785315	0	0.000000	1.169167	552	0.320652	0.531000	0.518427	
439	0.763098	561	0.333333	5.785315	0	0.000000	1.169167	561	0.333333	0.522000	0.518430	
435	0.795402	565	0.292035	5.785315	0	0.000000	1.169167	565	0.292035	0.511000	0.518423	
423	0.780142	577	0.332756	5.785315	0	0.000000	1.169167	577	0.332756	0.522000	0.518426	
454	0.828194	546	0.313187	5.785315	0	0.000000	1.169167	546	0.313187	0.547000	0.518452	
451	0.784922	549	0.338798	5.785315	0	0.000000	1.169167	549	0.338798	0.540000	0.518471	
447	0.803132	553	0.307414	5.785315	0	0.000000	1.169167	553	0.307414	0.529000	0.518480	
471	0.774947	529	0.327032	5.785315	0	0.000000	1.169167	529	0.327032	0.538000	0.518498	
432	0.738426	568	0.315141	5.785315	0	0.000000	1.169167	568	0.315141	0.498000	0.518480	
458	0.755459	542	0.324723	5.785315	0	0.000000	1.169167	542	0.324723	0.522000	0.518483	
459	0.784314	541	0.336414	5.785315	0	0.000000	1.169167	541	0.336414	0.542000	0.518504	
405	0.797531	595	0.314286	5.785315	0	0.000000	1.169167	595	0.314286	0.510000	0.518496	
473	0.784355	527	0.335863	5.785315	0	0.000000	1.169167	527	0.335863	0.548000	0.518522	
441	0.773243	559	0.323792	5.785315	0	0.000000	1.169167	559	0.323792	0.522000	0.518525	
468	0.769231	532	0.325188	5.785315	0	0.000000	1.169167	532	0.325188	0.533000	0.518538	
432	0.798611	568	0.295775	5.785315	0	0.000000	1.169167	568	0.295775	0.513000	0.518533	
449	0.770601	551	0.301270	5.785315	0	0.000000	1.169167	551	0.301270	0.512000	0.518527	
449	0.775056	551	0.333938	5.785315	0	0.000000	1.169167	551	0.333938	0.532000	0.518539	
426	0.779343	574	0.351916	5.785315	0	0.000000	1.169167	574	0.351916	0.534000	0.518553	
446	0.804933	554	0.319495	5.785315	0	0.000000	1.169167	554	0.319495	0.536000	0.518568	
443	0.801354	557	0.339318	5.785315	0	0.000000	1.169167	557	0.339318	0.544000	0.518591	
468	0.782051	532	0.338346	5.785315	0	0.000000	1.169167	532	0.338346	0.546000	0.518615	
447	0.774049	553	0.336347	5.785315	0	0.000000	1.169167	553	0.336347	0.532000	0.518626	
462	0.787879	538	0.299257	5.785315	0	0.000000	1.169167	538	0.299257	0.525000	0.518632	
427	0.779859	573	0.287958	5.785315	0	0.000000	1.169167	573	0.287958	0.498000	0.518614	
450	0.724444	550	0.252727	5.785315	0	0.000000	1.169167	550	0.252727	0.465000	0.518567	
448	0.790179	552	0.309783	5.785315	0	0.000000	1.169167	552	0.309783	0.525000	0.518573	
443	0.756208	557	0.333932	5.785315	0	0.000000	1.169167	557	0.333932	0.521000	0.518575	
452	0.792035	548	0.308394	5.785315	0	0.000000	1.169167	548	0.308394	0.527000	0.518582	
471	0.783439	529	0.328922	5.785315	0	0.000000	1.169167	529	0.328922	0.543000	0.518603	
438	0.769406	562	0.323843	5.785315	0	0.000000	1.169167	562	0.323843	0.519000	0.518604	
453	0.801325	547	0.316271	5.785315	0	0.000000	1.169167	547	0.316271	0.536000	0.518619	
418	0.777512	582	0.298969	5.785315	0	0.000000	1.169167	582	0.298969	0.499000	0.518602	
436	0.786697	564	0.328014	5.785315	0	0.000000	1.169167	564	0.328014	0.528000	0.518610	
443	0.774266	557	0.335727	5.785315	0	0.000000	1.169167	557	0.335727	0.530000	0.518620	
448	0.792411	552	0.302536	5.785315	0	0.000000	1.169167	552	0.302536	0.522000	0.518623	
473	0.767442	527	0.297913	5.785315	0	0.000000	1.169167	527	0.297913	0.520000	0.518624	
439	0.788155	561	0.335116	5.785315	0	0.000000	1.169167	561	0.335116	0.534000	0.518637	
438	0.748858	562	0.320285	5.785315	0	0.000000	1.169167	562	0.320285	0.508000	0.518628	
466	0.824034	534	0.325843	5.785315	0	0.000000	1.169167	534	0.325843	0.558000	0.518662	
470	0.759574	530	0.330189	5.785315	0	0.000000	1.169167	530	0.330189	0.532000	0.518674	
473	0.775899	527	0.305503	5.785315	0	0.000000	1.169167	527	0.305503	0.528000	0.518682	
432	0.805556	568	0.322183	5.785315	0	0.000000	1.169167	568	0.322183	0.531000	0.518692	
463	0.803456	537	0.342644	5.785315	0	0.000000	1.169167	537	0.342644	0.556000	0.518725	
443	0.760722	557	0.312388	5.785315	0	0.000000	1.169167	557	0.312388	0.511000	0.518718	
429	0.783217	571	0.369527	5.785315	0	0.000000	1.169167	571	0.369527	0.547000	0.518742	
464	0.782328	536	0.332090	5.785315	0	0.000000	1.169167	536	0.332090	0.541000	0.518761	
453	0.794702	547	0.347349	5.785315	0	0.000000	1.169167	547	0.347349	0.550000	0.518788	
443	0.808126	557	0.335727	5.785315	0	0.000000	1.169167	557	0.335727	0.545000	0.518811	
447	0.791946	553	0.285714	5.785315	0	0.000000	1.169167	553	0.285714	0.512000	0.518805	
457	0.787746	543	0.303867	5.785315	0	0.000000	1.169167	543	0.303867	0.525000	0.518810	
435	0.783908	565	0.353982	5.785315	0	0.000000	1.169167	565	0.353982	0.541000	0.518829	
412	0.798544	588	0.362245	5.785315	0	0.000000	1.169167	588	0.362245	0.542000	0.518849	
461	0.787419	539	0.343228	5.785315	0	0.000000	1.169167	539	0.343228	0.548000	0.518874	
451	0.767184	549	0.369763	5.785315	0	0.000000	1.169167	549	0.369763	0.549000	0.518900	
489	0.793456	511	0.307241	5.785315	0	0.000000	1.169167	511	0.307241	0.545000	0.518922	
471	0.762208	529	0.334594	5.785315	0	0.000000	1.169167	529	0.334594	0.536000	0.518936	
447	0.769575	553	0.305606	5.785315	0	0.000000	1.169167	553	0.305606	0.513000	0.518931	
457	0.765864	543	0.331492	5.785315	0	0.000000	1.169167	543	0.331492	0.530000	0.518941	
453	0.748344	547	0.285192	5.785315	0	0.000000	1.169167	547	0.285192	0.495000	0.518920	
417	0.755396	583	0.322470	5.785315	0	0.000000	1.169167	583	0.322470	0.503000	0.518907	
428	0.764019	572	0.335664	5.785315	0	0.000000	1.169167	572	0.335664	0.519000	0.518907	
455	0.740659	545	0.273394	5.785315	0	0.000000	1.169167	545	0.273394	0.486000	0.518879	
465	0.815054	535	0.325234	5.785315	0	0.000000	1.169167	535	0.325234	0.553000	0.518908	
460	0.784783	540	0.370370	5.785315	0	0.000000	1.169167	540	0.370370	0.561000	0.518944	
424	0.783019	576	0.303819	5.785315	0	0.000000	1.169167	576	0.303819	0.507000	0.518934	
432	0.803241	568	0.375000	5.785315	0	0.000000	1.169167	568	0.375000	0.560000	0.518968	
417	0.800959	583	0.360206	5.785315	0	0.000000	1.169167	583	0.360206	0.544000	0.518989	
446	0.793722	554	0.346570	5.785315	0	0.000000	1.169167	554	0.346570	0.546000	0.519012	
446	0.809417	554	0.317690	5.785315	0	0.000000	1.169167	554	0.317690	0.537000	0.519027	
442	0.800905	558	0.406810	5.785315	0	0.000000	1.169167	558	0.406810	0.581000	0.519080	
438	0.771689	562	0.169039	5.785315	0	0.000000	1.748589	562	0.169039	0.433000	0.519007	
424	0.771226	576	0.213542	5.785315	0	0.000000	1.634957	576	0.213542	0.450000	0.518949	
448	0.803571	552	0.172101	5.785315	0	0.000000	1.634957	552	0.172101	0.455000	0.518895	
479	0.810021	521	0.203455	5.785315	0	0.000000	1.505744	521	0.203455	0.494000	0.518874	
447	0.805369	553	0.242315	5.785315	0	0.000000	1.505744	553	0.242315	0.494000	0.518854	
432	0.800926	568	0.205986	5.785315	0	0.000000	1.505744	568	0.205986	0.463000	0.518807	
474	0.812236	526	0.222433	5.785315	0	0.000000	1.505744	526	0.222433	0.502000	0.518793	
453	0.783664	547	0.190128	5.785315	0	0.000000	1.505744	547	0.190128	0.459000	0.518743	
442	0.787330	558	0.299283	5.785315	0	0.000000	1.290933	558	0.299283	0.515000	0.518740	
459	0.788671	541	0.330869	5.785315	0	0.000000	1.290933	541	0.330869	0.541000	0.518758	
450	0.788889	550	0.250909	5.785315	0	0.000000	1.290933	550	0.250909	0.493000	0.518737	
448	0.772321	552	0.336957	5.785315	0	0.000000	1.290933	552	0.336957	0.532000	0.518748	
463	0.760259	537	0.238361	5.785315	0	0.000000	1.290933	537	0.238361	0.480000	0.518715	
448	0.808036	552	0.293478	5.785315	0	0.000000	1.290933	552	0.293478	0.524000	0.518720	
452	0.765487	548	0.253650	5.785315	0	0.000000	1.290933	548	0.253650	0.485000	0.518692	
443	0.790068	557	0.265709	5.785315	0	0.000000	1.290933	557	0.265709	0.498000	0.518675	
435	0.733333	565	0.244248	5.785315	0	0.000000	1.290933	565	0.244248	0.457000	0.518623	
434	0.778802	566	0.242049	5.785315	0	0.000000	1.290933	566	0.242049	0.475000	0.518587	
435	0.779310	565	0.279646	5.785315	0	0.000000	1.290933	565	0.279646	0.497000	0.518569	
452	0.758850	548	0.251825	5.785315	0	0.000000	1.290933	548	0.251825	0.481000	0.518538	
459	0.760349	541	0.225508	5.785315	0	0.000000	1.290933	541	0.225508	0.471000	0.518499	
466	0.774678	534	0.305243	5.785315	0	0.000000	1.290933	534	0.305243	0.524000	0.518503	
432	0.775463	568	0.253521	5.785315	0	0.000000	1.290933	568	0.253521	0.479000	0.518471	
413	0.740920	587	0.267462	5.785315	0	0.000000	1.290933	587	0.267462	0.463000	0.518425	
451	0.815965	549	0.309654	5.785315	0	0.000000	1.290933	549	0.309654	0.538000	0.518441	
433	0.842956	567	0.246914	5.785315	0	0.000000	1.290933	567	0.246914	0.505000	0.518430	
471	0.791932	529	0.332703	5.785315	0	0.000000	1.290933	529	0.332703	0.549000	0.518455	
478	0.759414	522	0.266284	5.785315	0	0.000000	1.290933	522	0.266284	0.502000	0.518442	
452	0.785398	548	0.304745	5.785315	0	0.000000	1.290933	548	0.304745	0.522000	0.518444	
472	0.758475	528	0.280303	5.785315	0	0.000000	1.290933	528	0.280303	0.506000	0.518434	
476	0.777311	524	0.303435	5.785315	0	0.000000	1.290933	524	0.303435	0.529000	0.518443	
451	0.811530	549	0.262295	5.785315	0	0.000000	1.290933	549	0.262295	0.510000	0.518436	
455	0.797802	545	0.288073	5.785315	0	0.000000	1.290933	545	0.288073	0.520000	0.518437	
444	0.806306	556	0.294964	5.785315	0	0.000000	1.290933	556	0.294964	0.522000	0.518440	
415	0.816867	585	0.304274	5.785315	0	0.000000	1.290933	585	0.304274	0.517000	0.518439	
435	0.804598	565	0.323894	5.785315	0	0.000000	1.290933	565	0.323894	0.533000	0.518451	
435	0.779310	565	0.263717	5.785315	0	0.000000	1.290933	565	0.263717	0.488000	0.518426	
434	0.801843	566	0.316254	5.785315	0	0.000000	1.290933	566	0.316254	0.527000	0.518433	
428	0.796729	572	0.328671	5.785315	0	0.000000	1.290933	572	0.328671	0.529000	0.518442	
465	0.774194	535	0.289720	5.785315	0	0.000000	1.290933	535	0.289720	0.515000	0.518439	
463	0.822894	537	0.281192	5.785315	0	0.000000	1.290933	537	0.281192	0.532000	0.518450	
467	0.798715	533	0.283302	5.785315	0	0.000000	1.290933	533	0.283302	0.524000	0.518454	
444	0.795045	556	0.278777	5.785315	0	0.000000	1.290933	556	0.278777	0.508000	0.518446	
475	0.778947	525	0.240000	5.785315	0	0.000000	1.290933	525	0.240000	0.496000	0.518428	
459	0.803922	541	0.247689	5.785315	0	0.000000	1.290933	541	0.247689	0.503000	0.518415	
454	0.799559	546	0.267399	5.785315	0	0.000000	1.290933	546	0.267399	0.509000	0.518408	
439	0.758542	561	0.265597	5.785315	0	0.000000	1.290933	561	0.265597	0.482000	0.518378	
444	0.759009	556	0.275180	5.785315	0	0.000000	1.290933	556	0.275180	0.490000	0.518355	
463	0.760259	537	0.230912	5.785315	0	0.000000	1.290933	537	0.230912	0.476000	0.518321	
451	0.773836	549	0.231330	5.785315	0	0.000000	1.290933	549	0.231330	0.476000	0.518287	
424	0.773585	576	0.314236	5.785315	0	0.000000	1.290933	576	0.314236	0.509000	0.518279	
417	0.810552	583	0.245283	5.785315	0	0.000000	1.290933	583	0.245283	0.481000	0.518249	
438	0.817352	562	0.274021	5.785315	0	0.000000	1.290933	562	0.274021	0.512000	0.518244	
440	0.786364	560	0.289286	5.785315	0	0.000000	1.290933	560	0.289286	0.508000	0.518236	
451	0.780488	549	0.251366	5.785315	0	0.000000	1.290933	549	0.251366	0.490000	0.518213	
441	0.730159	559	0.241503	5.785315	0	0.000000	1.290933	559	0.241503	0.457000	0.518164	
452	0.767699	548	0.240876	5.785315	0	0.000000	1.290933	548	0.240876	0.479000	0.518132	
461	0.811280	539	0.265306	5.785315	0	0.000000	1.290933	539	0.265306	0.517000	0.518131	
437	0.734554	563	0.262877	5.785315	0	0.000000	1.290933	563	0.262877	0.469000	0.518092	
428	0.789720	572	0.197552	5.785315	0	0.000000	1.290933	572	0.197552	0.451000	0.518038	
423	0.773050	577	0.495667	5.785315	0	0.000000	0.771192	577	0.495667	0.613000	0.518114	
444	0.772523	556	0.267986	5.785315	0	0.000000	1.368861	556	0.267986	0.492000	0.518093	
458	0.794760	542	0.210332	5.785315	0	0.000000	1.368861	542	0.210332	0.478000	0.518061	
442	0.760181	558	0.263441	5.785315	0	0.000000	1.368861	558	0.263441	0.483000	0.518033	
473	0.799154	527	0.273245	5.785315	0	0.000000	1.368861	527	0.273245	0.522000	0.518036	
465	0.756989	535	0.252336	5.785315	0	0.000000	1.368861	535	0.252336	0.487000	0.518012	
436	0.795872	564	0.239362	5.785315	0	0.000000	1.368861	564	0.239362	0.482000	0.517983	
440	0.781818	560	0.262500	5.785315	0	0.000000	1.368861	560	0.262500	0.491000	0.517961	
441	0.739229	559	0.250447	5.785315	0	0.000000	1.368861	559	0.250447	0.466000	0.517920	
440	0.784091	560	0.255357	5.785315	0	0.000000	1.368861	560	0.255357	0.488000	0.517896	
445	0.782022	555	0.212613	5.785315	0	0.000000	1.368861	555	0.212613	0.466000	0.517855	
423	0.787234	577	0.225303	5.785315	0	0.000000	1.368861	577	0.225303	0.463000	0.517811	
436	0.745413	564	0.255319	5.785315	0	0.000000	1.368861	564	0.255319	0.469000	0.517773	
449	0.783964	551	0.252269	5.785315	0	0.000000	1.368861	551	0.252269	0.491000	0.517751	
452	0.783186	548	0.266423	5.785315	0	0.000000	1.368861	548	0.266423	0.500000	0.517737	
452	0.794248	548	0.240876	5.785315	0	0.000000	1.368861	548	0.240876	0.491000	0.517716	
479	0.801670	521	0.249520	5.785315	0	0.000000	1.368861	521	0.249520	0.514000	0.517713	
438	0.785388	562	0.268683	5.785315	0	0.000000	1.368861	562	0.268683	0.495000	0.517695	
455	0.815385	545	0.238532	5.785315	0	0.000000	1.368861	545	0.238532	0.501000	0.517682	
452	0.769912	548	0.250000	5.785315	0	0.000000	1.368861	548	0.250000	0.485000	0.517656	
454	0.795154	546	0.261905	5.785315	0	0.000000	1.368861	546	0.261905	0.504000	0.517645	
479	0.787056	521	0.299424	5.785315	0	0.000000	1.368861	521	0.299424	0.533000	0.517658	
460	0.802174	540	0.224074	5.785315	0	0.000000	1.368861	540	0.224074	0.490000	0.517636	
443	0.814898	557	0.231598	5.785315	0	0.000000	1.368861	557	0.231598	0.490000	0.517614	
466	0.811159	534	0.245318	5.785315	0	0.000000	1.368861	534	0.245318	0.509000	0.517607	
416	0.812500	584	0.260274	5.785315	0	0.000000	1.368861	584	0.260274	0.490000	0.517586	
440	0.750000	560	0.260714	5.785315	0	0.000000	1.368861	560	0.260714	0.476000	0.517553	
417	0.798561	583	0.262436	5.785315	0	0.000000	1.368861	583	0.262436	0.486000	0.517528	
476	0.800420	524	0.250000	5.785315	0	0.000000	1.368861	524	0.250000	0.512000	0.517524	
448	0.790179	552	0.268116	5.785315	0	0.000000	1.368861	552	0.268116	0.502000	0.517512	
438	0.769406	562	0.243772	5.785315	0	0.000000	1.368861	562	0.243772	0.474000	0.517478	
428	0.792056	572	0.223776	5.785315	0	0.000000	1.368861	572	0.223776	0.467000	0.517438	
424	0.783019	576	0.246528	5.785315	0	0.000000	1.368861	576	0.246528	0.474000	0.517404	
442	0.737557	558	0.293907	5.785315	0	0.000000	1.368861	558	0.293907	0.490000	0.517383	
437	0.725400	563	0.214920	5.785315	0	0.000000	1.368861	563	0.214920	0.438000	0.517321	
457	0.761488	543	0.220994	5.785315	0	0.000000	1.368861	543	0.220994	0.468000	0.517283	
453	0.748344	547	0.219378	5.785315	0	0.000000	1.368861	547	0.219378	0.459000	0.517237	
430	0.774419	570	0.231579	5.785315	0	0.000000	1.368861	570	0.231579	0.465000	0.517196	
471	0.760085	529	0.228733	5.785315	0	0.000000	1.368861	529	0.228733	0.479000	0.517167	
434	0.788018	566	0.243816	5.785315	0	0.000000	1.368861	566	0.243816	0.480000	0.517138	
471	0.745223	529	0.223062	5.785315	0	0.000000	1.368861	529	0.223062	0.469000	0.517101	
464	0.808190	536	0.251866	5.785315	0	0.000000	1.368861	536	0.251866	0.510000	0.517095	
423	0.744681	577	0.230503	5.785315	0	0.000000	1.368861	577	0.230503	0.448000	0.517041	
446	0.744395	554	0.232852	5.785315	0	0.000000	1.368861	554	0.232852	0.461000	0.516998	
457	0.783370	543	0.274401	5.785315	0	0.000000	1.368861	543	0.274401	0.507000	0.516990	
438	0.767123	562	0.250890	5.785315	0	0.000000	1.368861	562	0.250890	0.477000	0.516959	
452	0.814159	548	0.239051	5.785315	0	0.000000	1.368861	548	0.239051	0.499000	0.516946	
421	0.769596	579	0.241796	5.785315	0	0.000000	1.368861	579	0.241796	0.464000	0.516905	
440	0.768182	560	0.237500	5.785315	0	0.000000	1.368861	560	0.237500	0.471000	0.516869	
445	0.768539	555	0.252252	5.785315	0	0.000000	1.368861	555	0.252252	0.482000	0.516842	
455	0.764835	545	0.222018	5.785315	0	0.000000	1.368861	545	0.222018	0.469000	0.516805	
442	0.800905	558	0.254480	5.785315	0	0.000000	1.368861	558	0.254480	0.496000	0.516789	
437	0.784897	563	0.238011	5.785315	0	0.000000	1.368861	563	0.238011	0.477000	0.516759	
437	0.755149	563	0.275311	5.785315	0	0.000000	1.368861	563	0.275311	0.485000	0.516734	
441	0.761905	559	0.280859	5.785315	0	0.000000	1.368861	559	0.280859	0.493000	0.516716	
440	0.800000	560	0.266071	5.785315	0	0.000000	1.368861	560	0.266071	0.501000	0.516704	
446	0.791480	554	0.265343	5.785315	0	0.000000	1.368861	554	0.265343	0.500000	0.516691	
429	0.771562	571	0.259194	5.785315	0	0.000000	1.368861	571	0.259194	0.479000	0.516662	
436	0.784404	564	0.267730	5.785315	0	0.000000	1.368861	564	0.267730	0.493000	0.516644	
462	0.803030	538	0.263941	5.785315	0	0.000000	1.368861	538	0.263941	0.513000	0.516642	
449	0.775056	551	0.172414	5.785315	0	0.000000	1.368861	551	0.172414	0.443000	0.516585	
455	0.789011	545	0.266055	5.785315	0	0.000000	1.327145	545	0.266055	0.504000	0.516576	
420	0.750000	580	0.256897	5.785315	0	0.000000	1.327145	580	0.256897	0.464000	0.516535	
458	0.748908	542	0.247232	5.785315	0	0.000000	1.327145	542	0.247232	0.477000	0.516505	
406	0.832512	594	0.245791	5.785315	0	0.000000	1.327145	594	0.245791	0.484000	0.516481	
426	0.765258	574	0.273519	5.785315	0	0.000000	1.327145	574	0.273519	0.483000	0.516455	
444	0.770270	556	0.246403	5.785315	0	0.000000	1.327145	556	0.246403	0.479000	0.516427	
435	0.795402	565	0.238938	5.785315	0	0.000000	1.327145	565	0.238938	0.481000	0.516400	
445	0.777528	555	0.234234	5.785315	0	0.000000	1.327145	555	0.234234	0.476000	0.516369	
458	0.753275	542	0.254613	5.785315	0	0.000000	1.327145	542	0.254613	0.483000	0.516344	
435	0.758621	565	0.302655	5.785315	0	0.000000	1.327145	565	0.302655	0.501000	0.516332	
441	0.759637	559	0.241503	5.785315	0	0.000000	1.327145	559	0.241503	0.470000	0.516297	
439	0.760820	561	0.237077	5.785315	0	0.000000	1.327145	561	0.237077	0.467000	0.516259	
408	0.769608	592	0.256757	5.785315	0	0.000000	1.327145	592	0.256757	0.466000	0.516221	
449	0.788419	551	0.245009	5.785315	0	0.000000	1.327145	551	0.245009	0.489000	0.516201	
459	0.745098	541	0.221811	5.785315	0	0.000000	1.327145	541	0.221811	0.462000	0.516160	
434	0.806452	566	0.222615	5.785315	0	0.000000	1.327145	566	0.222615	0.476000	0.516130	
455	0.749451	545	0.264220	5.785315	0	0.000000	1.327145	545	0.264220	0.485000	0.516106	
438	0.757991	562	0.249110	5.785315	0	0.000000	1.327145	562	0.249110	0.472000	0.516073	
447	0.778523	553	0.267631	5.785315	0	0.000000	1.327145	553	0.267631	0.496000	0.516058	
452	0.796460	548	0.281022	5.785315	0	0.000000	1.327145	548	0.281022	0.514000	0.516056	
424	0.797170	576	0.295139	5.785315	0	0.000000	1.327145	576	0.295139	0.508000	0.516050	
464	0.778017	536	0.253731	5.785315	0	0.000000	1.327145	536	0.253731	0.497000	0.516036	
445	0.804494	555	0.291892	5.785315	0	0.000000	1.327145	555	0.291892	0.520000	0.516039	
421	0.779097	579	0.302245	5.785315	0	0.000000	1.327145	579	0.302245	0.503000	0.516029	
427	0.798595	573	0.291449	5.785315	0	0.000000	1.327145	573	0.291449	0.508000	0.516023	
444	0.756757	556	0.269784	5.785315	0	0.000000	1.327145	556	0.269784	0.486000	0.516000	
398	0.763819	602	0.254153	5.785315	0	0.000000	1.327145	602	0.254153	0.457000	0.515956	
440	0.811364	560	0.289286	5.785315	0	0.000000	1.327145	560	0.289286	0.519000	0.515958	
447	0.760626	553	0.285714	5.785315	0	0.000000	1.327145	553	0.285714	0.498000	0.515945	
416	0.776442	584	0.234589	5.785315	0	0.000000	1.327145	584	0.234589	0.460000	0.515903	
452	0.745575	548	0.251825	5.785315	0	0.000000	1.327145	548	0.251825	0.475000	0.515873	
449	0.768374	551	0.201452	5.785315	0	0.000000	1.327145	551	0.201452	0.456000	0.515828	
461	0.754881	539	0.280148	5.785315	0	0.000000	1.327145	539	0.280148	0.499000	0.515815	
438	0.787671	562	0.284698	5.785315	0	0.000000	1.327145	562	0.284698	0.505000	0.515807	
445	0.802247	555	0.290090	5.785315	0	0.000000	1.327145	555	0.290090	0.518000	0.515809	
448	0.819196	552	0.311594	5.785315	0	0.000000	1.327145	552	0.311594	0.539000	0.515826	
442	0.791855	558	0.308244	5.785315	0	0.000000	1.327145	558	0.308244	0.522000	0.515831	
419	0.754177	581	0.273666	5.785315	0	0.000000	1.327145	581	0.273666	0.475000	0.515801	
432	0.793981	568	0.274648	5.785315	0	0.000000	1.327145	568	0.274648	0.499000	0.515788	
448	0.754464	552	0.268116	5.785315	0	0.000000	1.327145	552	0.268116	0.486000	0.515766	
452	0.734513	548	0.281022	5.785315	0	0.000000	1.327145	548	0.281022	0.486000	0.515744	
421	0.762470	579	0.252159	5.785315	0	0.000000	1.327145	579	0.252159	0.467000	0.515708	
433	0.801386	567	0.264550	5.785315	0	0.000000	1.327145	567	0.264550	0.497000	0.515694	
431	0.814385	569	0.235501	5.785315	0	0.000000	1.327145	569	0.235501	0.485000	0.515671	
458	0.768559	542	0.241697	5.785315	0	0.000000	1.327145	542	0.241697	0.483000	0.515647	
425	0.764706	575	0.252174	5.785315	0	0.000000	1.327145	575	0.252174	0.470000	0.515613	
451	0.787140	549	0.242259	5.785315	0	0.000000	1.327145	549	0.242259	0.488000	0.515593	
468	0.771368	532	0.253759	5.785315	0	0.000000	1.327145	532	0.253759	0.496000	0.515579	
444	0.781532	556	0.239209	5.785315	0	0.000000	1.327145	556	0.239209	0.480000	0.515552	
459	0.782135	541	0.271719	5.785315	0	0.000000	1.327145	541	0.271719	0.506000	0.515545	
444	0.765766	556	0.258993	5.785315	0	0.000000	1.327145	556	0.258993	0.484000	0.515522	
460	0.795652	540	0.277778	5.785315	0	0.000000	1.327145	540	0.277778	0.516000	0.515522	
426	0.774648	574	0.256098	5.785315	0	0.000000	1.327145	574	0.256098	0.477000	0.515494	
451	0.751663	549	0.258652	5.785315	0	0.000000	1.327145	549	0.258652	0.481000	0.515469	
448	0.803571	552	0.275362	5.785315	0	0.000000	1.327145	552	0.275362	0.512000	0.515466	
474	0.765823	526	0.271863	5.785315	0	0.000000	1.327145	526	0.271863	0.506000	0.515459	
440	0.763636	560	0.241071	5.785315	0	0.000000	1.327145	560	0.241071	0.471000	0.515427	
447	0.805369	553	0.235081	5.785315	0	0.000000	1.327145	553	0.235081	0.490000	0.515408	
431	0.761021	569	0.300527	5.785315	0	0.000000	1.327145	569	0.300527	0.499000	0.515396	
433	0.789838	567	0.227513	5.785315	0	0.000000	1.327145	567	0.227513	0.471000	0.515364	
455	0.751648	545	0.245872	5.785315	0	0.000000	1.327145	545	0.245872	0.476000	0.515335	
409	0.784841	591	0.236887	5.785315	0	0.000000	1.327145	591	0.236887	0.461000	0.515295	
453	0.748344	547	0.268739	5.785315	0	0.000000	1.327145	547	0.268739	0.486000	0.515274	
426	0.762911	574	0.219512	5.785315	0	0.000000	1.327145	574	0.219512	0.451000	0.515227	
431	0.791183	569	0.274165	5.785315	0	0.000000	1.327145	569	0.274165	0.497000	0.515214	
449	0.752784	551	0.308530	5.785315	0	0.000000	1.327145	551	0.308530	0.508000	0.515209	
444	0.792793	556	0.289568	5.785315	0	0.000000	1.327145	556	0.289568	0.513000	0.515207	
483	0.739130	517	0.226306	5.785315	0	0.000000	1.327145	517	0.226306	0.474000	0.515177	
417	0.810552	583	0.253859	5.785315	0	0.000000	1.327145	583	0.253859	0.486000	0.515156	
420	0.788095	580	0.301724	5.785315	0	0.000000	1.327145	580	0.301724	0.506000	0.515149	
430	0.786047	570	0.263158	5.785315	0	0.000000	1.327145	570	0.263158	0.488000	0.515129	
463	0.786177	537	0.221601	5.785315	0	0.000000	1.327145	537	0.221601	0.483000	0.515106	
444	0.768018	556	0.221223	5.785315	0	0.000000	1.327145	556	0.221223	0.464000	0.515069	
442	0.769231	558	0.254480	5.785315	0	0.000000	1.327145	558	0.254480	0.482000	0.515045	
445	0.800000	555	0.286486	5.785315	0	0.000000	1.327145	555	0.286486	0.515000	0.515045	
432	0.789352	568	0.279930	5.785315	0	0.000000	1.327145	568	0.279930	0.500000	0.515034	
444	0.815315	556	0.309353	5.785315	0	0.000000	1.327145	556	0.309353	0.534000	0.515048	
442	0.830317	558	0.250896	5.785315	0	0.000000	1.327145	558	0.250896	0.507000	0.515042	
477	0.781971	523	0.267686	5.785315	0	0.000000	1.327145	523	0.267686	0.513000	0.515041	
470	0.800000	530	0.279245	5.785315	0	0.000000	1.327145	530	0.279245	0.524000	0.515047	
454	0.790749	546	0.274725	5.785315	0	0.000000	1.327145	546	0.274725	0.509000	0.515043	
437	0.805492	563	0.268206	5.785315	0	0.000000	1.327145	563	0.268206	0.503000	0.515034	
462	0.798701	538	0.289963	5.785315	0	0.000000	1.327145	538	0.289963	0.525000	0.515041	
437	0.819222	563	0.296625	5.785315	0	0.000000	1.327145	563	0.296625	0.525000	0.515048	
436	0.818807	564	0.281915	5.785315	0	0.000000	1.327145	564	0.281915	0.516000	0.515049	
445	0.791011	555	0.270270	5.785315	0	0.000000	1.327145	555	0.270270	0.502000	0.515040	
413	0.743341	587	0.272572	5.785315	0	0.000000	1.327145	587	0.272572	0.467000	0.515005	
409	0.784841	591	0.267343	5.785315	0	0.000000	1.327145	591	0.267343	0.479000	0.514980	
465	0.797849	535	0.263551	5.785315	0	0.000000	1.327145	535	0.263551	0.512000	0.514977	
431	0.795824	569	0.246046	5.785315	0	0.000000	1.327145	569	0.246046	0.483000	0.514955	
433	0.769053	567	0.229277	5.785315	0	0.000000	1.327145	567	0.229277	0.463000	0.514917	
460	0.784783	540	0.253704	5.785315	0	0.000000	1.327145	540	0.253704	0.498000	0.514905	
456	0.778509	544	0.306985	5.785315	0	0.000000	1.327145	544	0.306985	0.522000	0.514910	
459	0.762527	541	0.229205	5.785315	0	0.000000	1.327145	541	0.229205	0.474000	0.514881	
466	0.813305	534	0.250936	5.785315	0	0.000000	1.327145	534	0.250936	0.513000	0.514880	
424	0.799528	576	0.289931	5.785315	0	0.000000	1.327145	576	0.289931	0.506000	0.514874	
437	0.798627	563	0.293073	5.785315	0	0.000000	1.327145	563	0.293073	0.514000	0.514873	
445	0.808989	555	0.252252	5.785315	0	0.000000	1.327145	555	0.252252	0.500000	0.514862	
434	0.783410	566	0.279152	5.785315	0	0.000000	1.327145	566	0.279152	0.498000	0.514850	
443	0.808126	557	0.287253	5.785315	0	0.000000	1.327145	557	0.287253	0.518000	0.514853	
445	0.788764	555	0.288288	5.785315	0	0.000000	1.327145	555	0.288288	0.511000	0.514850	
423	0.737589	577	0.249567	5.785315	0	0.000000	1.327145	577	0.249567	0.456000	0.514808	
439	0.783599	561	0.276292	5.785315	0	0.000000	1.327145	561	0.276292	0.499000	0.514797	
440	0.788636	560	0.255357	5.785315	0	0.000000	1.327145	560	0.255357	0.490000	0.514779	
472	0.788136	528	0.231061	5.785315	0	0.000000	1.327145	528	0.231061	0.494000	0.514765	
450	0.737778	550	0.301818	5.785315	0	0.000000	1.327145	550	0.301818	0.498000	0.514753	
431	0.835267	569	0.231986	5.785315	0	0.000000	1.327145	569	0.231986	0.492000	0.514737	
452	0.776549	548	0.286496	5.785315	0	0.000000	1.327145	548	0.286496	0.508000	0.514732	
441	0.748299	559	0.216458	5.785315	0	0.000000	1.327145	559	0.216458	0.451000	0.514687	
441	0.759637	559	0.259392	5.785315	0	0.000000	1.327145	559	0.259392	0.480000	0.514663	
435	0.783908	565	0.279646	5.785315	0	0.000000	1.327145	565	0.279646	0.499000	0.514652	
447	0.762864	553	0.256781	5.785315	0	0.000000	1.327145	553	0.256781	0.483000	0.514629	
457	0.770241	543	0.267035	5.785315	0	0.000000	1.327145	543	0.267035	0.497000	0.514617	
446	0.793722	554	0.276173	5.785315	0	0.000000	1.327145	554	0.276173	0.507000	0.514611	
423	0.799054	577	0.292894	5.785315	0	0.000000	1.327145	577	0.292894	0.507000	0.514606	
454	0.777533	546	0.272894	5.785315	0	0.000000	1.327145	546	0.272894	0.502000	0.514597	
439	0.801822	561	0.270945	5.785315	0	0.000000	1.327145	561	0.270945	0.504000	0.514590	
463	0.751620	537	0.320298	5.785315	0	0.000000	1.327145	537	0.320298	0.520000	0.514594	
442	0.760181	558	0.250896	5.785315	0	0.000000	1.327145	558	0.250896	0.476000	0.514567	
462	0.740260	538	0.206320	5.785315	0	0.000000	1.327145	538	0.206320	0.453000	0.514523	
443	0.758465	557	0.265709	5.785315	0	0.000000	1.327145	557	0.265709	0.484000	0.514502	
436	0.775229	564	0.264184	5.785315	0	0.000000	1.327145	564	0.264184	0.487000	0.514483	
461	0.778742	539	0.207792	5.785315	0	0.000000	1.327145	539	0.207792	0.471000	0.514452	
470	0.776596	530	0.215094	5.785315	0	0.000000	1.327145	530	0.215094	0.479000	0.514428	
476	0.787815	524	0.206107	5.785315	0	0.000000	1.327145	524	0.206107	0.483000	0.514406	
435	0.802299	565	0.253097	5.785315	0	0.000000	1.327145	565	0.253097	0.492000	0.514390	
437	0.775744	563	0.252220	5.785315	0	0.000000	1.327145	563	0.252220	0.481000	0.514367	
437	0.775744	563	0.239787	5.785315	0	0.000000	1.327145	563	0.239787	0.474000	0.514339	
431	0.784223	569	0.219684	5.785315	0	0.000000	1.327145	569	0.219684	0.463000	0.514303	
450	0.782222	550	0.203636	5.785315	0	0.000000	1.327145	550	0.203636	0.464000	0.514268	
426	0.838028	574	0.210801	5.785315	0	0.000000	1.327145	574	0.210801	0.478000	0.514243	
471	0.796178	529	0.217391	5.785315	0	0.000000	1.327145	529	0.217391	0.490000	0.514226	
455	0.782418	545	0.260550	5.785315	0	0.000000	1.327145	545	0.260550	0.498000	0.514215	
439	0.769932	561	0.245989	5.785315	0	0.000000	1.327145	561	0.245989	0.476000	0.514188	
436	0.798165	564	0.255319	5.785315	0	0.000000	1.327145	564	0.255319	0.492000	0.514173	
438	0.801370	562	0.252669	5.785315	0	0.000000	1.327145	562	0.252669	0.493000	0.514158	
497	0.828974	503	0.252485	5.785315	0	0.000000	1.327145	503	0.252485	0.539000	0.514175	
455	0.786813	545	0.273394	5.785315	0	0.000000	1.327145	545	0.273394	0.507000	0.514170	
456	0.778509	544	0.268382	5.785315	0	0.000000	1.327145	544	0.268382	0.501000	0.514161	
442	0.823529	558	0.292115	5.785315	0	0.000000	1.327145	558	0.292115	0.527000	0.514170	
440	0.781818	560	0.212500	5.785315	0	0.000000	1.327145	560	0.212500	0.463000	0.514135	
409	0.772616	591	0.241963	5.785315	0	0.000000	1.327145	591	0.241963	0.459000	0.514097	
434	0.764977	566	0.270318	5.785315	0	0.000000	1.327145	566	0.270318	0.485000	0.514077	
453	0.788079	547	0.285192	5.785315	0	0.000000	1.327145	547	0.285192	0.513000	0.514076	
439	0.785877	561	0.256684	5.785315	0	0.000000	1.327145	561	0.256684	0.489000	0.514059	
442	0.753394	558	0.293907	5.785315	0	0.000000	1.327145	558	0.293907	0.497000	0.514047	
463	0.792657	537	0.281192	5.785315	0	0.000000	1.327145	537	0.281192	0.518000	0.514050	
447	0.753915	553	0.249548	5.785315	0	0.000000	1.327145	553	0.249548	0.475000	0.514023	
465	0.784946	535	0.284112	5.785315	0	0.000000	1.327145	535	0.284112	0.517000	0.514025	
458	0.770742	542	0.249077	5.785315	0	0.000000	1.327145	542	0.249077	0.488000	0.514007	
441	0.764172	559	0.255814	5.785315	0	0.000000	1.327145	559	0.255814	0.480000	0.513984	
479	0.736952	521	0.284069	5.785315	0	0.000000	1.327145	521	0.284069	0.501000	0.513975	
480	0.808333	520	0.250000	5.785315	0	0.000000	1.327145	520	0.250000	0.518000	0.513978	
416	0.812500	584	0.297945	5.785315	0	0.000000	1.327145	584	0.297945	0.512000	0.513976	
421	0.771971	579	0.234888	5.785315	0	0.000000	1.327145	579	0.234888	0.461000	0.513940	
458	0.792576	542	0.300738	5.785315	0	0.000000	1.327145	542	0.300738	0.526000	0.513948	
472	0.800847	528	0.268939	5.785315	0	0.000000	1.327145	528	0.268939	0.520000	0.513953	
447	0.816555	553	0.264014	5.785315	0	0.000000	1.327145	553	0.264014	0.511000	0.513951	
439	0.772210	561	0.256684	5.785315	0	0.000000	1.327145	561	0.256684	0.483000	0.513929	
457	0.772429	543	0.228361	5.785315	0	0.000000	1.327145	543	0.228361	0.477000	0.513904	
448	0.779018	552	0.266304	5.785315	0	0.000000	1.327145	552	0.266304	0.496000	0.513892	
462	0.746753	538	0.250929	5.785315	0	0.000000	1.327145	538	0.250929	0.480000	0.513869	
424	0.773585	576	0.255208	5.785315	0	0.000000	1.327145	576	0.255208	0.475000	0.513843	
471	0.777070	529	0.264650	5.785315	0	0.000000	1.327145	529	0.264650	0.506000	0.513837	
447	0.814318	553	0.207957	5.785315	0	0.000000	1.327145	553	0.207957	0.479000	0.513814	
433	0.771363	567	0.225750	5.785315	0	0.000000	1.327145	567	0.225750	0.462000	0.513778	
447	0.780761	553	0.276673	5.785315	0	0.000000	1.327145	553	0.276673	0.502000	0.513770	
479	0.793319	521	0.201536	5.785315	0	0.000000	1.327145	521	0.201536	0.485000	0.513751	
436	0.772936	564	0.264184	5.785315	0	0.000000	1.327145	564	0.264184	0.486000	0.513732	
476	0.750000	524	0.286260	5.785315	0	0.000000	1.327145	524	0.286260	0.507000	0.513728	
420	0.780952	580	0.274138	5.785315	0	0.000000	1.327145	580	0.274138	0.487000	0.513710	
474	0.795359	526	0.302281	5.785315	0	0.000000	1.327145	526	0.302281	0.536000	0.513725	
455	0.764835	545	0.214679	5.785315	0	0.000000	1.327145	545	0.214679	0.465000	0.513692	
454	0.795154	546	0.285714	5.785315	0	0.000000	1.327145	546	0.285714	0.517000	0.513694	
468	0.750000	532	0.204887	5.785315	0	0.000000	1.327145	532	0.204887	0.460000	0.513658	
437	0.789474	563	0.262877	5.785315	0	0.000000	1.327145	563	0.262877	0.493000	0.513644	
449	0.795100	551	0.257713	5.785315	0	0.000000	1.327145	551	0.257713	0.499000	0.513634	
447	0.765101	553	0.207957	5.785315	0	0.000000	1.327145	553	0.207957	0.457000	0.513596	
419	0.804296	581	0.235800	5.785315	0	0.000000	1.327145	581	0.235800	0.474000	0.513569	
432	0.780093	568	0.295775	5.785315	0	0.000000	1.327145	568	0.295775	0.505000	0.513563	
442	0.805430	558	0.241935	5.785315	0	0.000000	1.327145	558	0.241935	0.491000	0.513548	
460	0.786957	540	0.231481	5.785315	0	0.000000	1.327145	540	0.231481	0.487000	0.513531	
439	0.760820	561	0.288770	5.785315	0	0.000000	1.327145	561	0.288770	0.496000	0.513519	
462	0.816017	538	0.224907	5.785315	0	0.000000	1.327145	538	0.224907	0.498000	0.513508	
433	0.803695	567	0.257496	5.785315	0	0.000000	1.327145	567	0.257496	0.494000	0.513495	
462	0.770563	538	0.254647	5.785315	0	0.000000	1.327145	538	0.254647	0.493000	0.513482	
471	0.802548	529	0.275992	5.785315	0	0.000000	1.327145	529	0.275992	0.524000	0.513489	
469	0.782516	531	0.265537	5.785315	0	0.000000	1.327145	531	0.265537	0.508000	0.513485	
446	0.769058	554	0.245487	5.785315	0	0.000000	1.327145	554	0.245487	0.479000	0.513462	
427	0.796253	573	0.219895	5.785315	0	0.000000	1.327145	573	0.219895	0.466000	0.513430	
468	0.767094	532	0.251880	5.785315	0	0.000000	1.327145	532	0.251880	0.493000	0.513417	
418	0.777512	582	0.249141	5.785315	0	0.000000	1.327145	582	0.249141	0.470000	0.513388	
459	0.760349	541	0.247689	5.785315	0	0.000000	1.327145	541	0.247689	0.483000	0.513367	
428	0.721963	572	0.236014	5.785315	0	0.000000	1.327145	572	0.236014	0.444000	0.513321	
478	0.780335	522	0.227969	5.785315	0	0.000000	1.327145	522	0.227969	0.492000	0.513307	
443	0.781038	557	0.208259	5.785315	0	0.000000	1.327145	557	0.208259	0.462000	0.513273	
435	0.797701	565	0.256637	5.785315	0	0.000000	1.327145	565	0.256637	0.492000	0.513259	
454	0.753304	546	0.298535	5.785315	0	0.000000	1.327145	546	0.298535	0.505000	0.513253	
451	0.827051	549	0.296903	5.785315	0	0.000000	1.327145	549	0.296903	0.536000	0.513268	
446	0.769058	554	0.268953	5.785315	0	0.000000	1.327145	554	0.268953	0.492000	0.513254	
431	0.798144	569	0.237258	5.785315	0	0.000000	1.327145	569	0.237258	0.479000	0.513232	
467	0.762313	533	0.281426	5.785315	0	0.000000	1.327145	533	0.281426	0.506000	0.513227	
470	0.806383	530	0.267925	5.785315	0	0.000000	1.327145	530	0.267925	0.521000	0.513232	
444	0.786036	556	0.282374	5.785315	0	0.000000	1.327145	556	0.282374	0.506000	0.513227	
456	0.848684	544	0.319853	5.785315	0	0.000000	1.327145	544	0.319853	0.561000	0.513259	
464	0.806034	536	0.305970	5.785315	0	0.000000	1.327145	536	0.305970	0.538000	0.513275	
459	0.745098	541	0.219963	5.785315	0	0.000000	1.327145	541	0.219963	0.461000	0.513241	
457	0.776805	543	0.244936	5.785315	0	0.000000	1.327145	543	0.244936	0.488000	0.513224	
459	0.782135	541	0.255083	5.785315	0	0.000000	1.327145	541	0.255083	0.497000	0.513213	
451	0.758315	549	0.234973	5.785315	0	0.000000	1.327145	549	0.234973	0.471000	0.513185	
462	0.753247	538	0.224907	5.785315	0	0.000000	1.327145	538	0.224907	0.469000	0.513156	
472	0.800847	528	0.208333	5.785315	0	0.000000	1.327145	528	0.208333	0.488000	0.513140	
467	0.736617	533	0.257036	5.785315	0	0.000000	1.327145	533	0.257036	0.481000	0.513119	
463	0.753780	537	0.234637	5.785315	0	0.000000	1.327145	537	0.234637	0.475000	0.513094	
450	0.782222	550	0.243636	5.785315	0	0.000000	1.327145	550	0.243636	0.486000	0.513076	
435	0.770115	565	0.226549	5.785315	0	0.000000	1.327145	565	0.226549	0.463000	0.513043	
417	0.760192	583	0.241852	5.785315	0	0.000000	1.327145	583	0.241852	0.458000	0.513007	
427	0.758782	573	0.263525	5.785315	0	0.000000	1.327145	573	0.263525	0.475000	0.512982	
442	0.760181	558	0.256272	5.785315	0	0.000000	1.327145	558	0.256272	0.479000	0.512960	
469	0.782516	531	0.288136	5.785315	0	0.000000	1.327145	531	0.288136	0.520000	0.512964	
447	0.812081	553	0.240506	5.785315	0	0.000000	1.327145	553	0.240506	0.496000	0.512953	
430	0.793023	570	0.259649	5.785315	0	0.000000	1.327145	570	0.259649	0.489000	0.512938	
449	0.770601	551	0.270417	5.785315	0	0.000000	1.327145	551	0.270417	0.495000	0.512926	
418	0.818182	582	0.297251	5.785315	0	0.000000	1.327145	582	0.297251	0.515000	0.512927	
452	0.758850	548	0.248175	5.785315	0	0.000000	1.327145	548	0.248175	0.479000	0.512905	
428	0.766355	572	0.239510	5.785315	0	0.000000	1.327145	572	0.239510	0.465000	0.512874	
453	0.741722	547	0.265082	5.785315	0	0.000000	1.327145	547	0.265082	0.481000	0.512853	
401	0.703242	599	0.235392	5.785315	0	0.000000	1.327145	599	0.235392	0.423000	0.512795	
412	0.808252	588	0.251701	5.785315	0	0.000000	1.327145	588	0.251701	0.481000	0.512774	
440	0.790909	560	0.257143	5.785315	0	0.000000	1.327145	560	0.257143	0.492000	0.512760	
468	0.782051	532	0.278195	5.785315	0	0.000000	1.327145	532	0.278195	0.514000	0.512761	
471	0.787686	529	0.238185	5.785315	0	0.000000	1.327145	529	0.238185	0.497000	0.512751	
439	0.769932	561	0.229947	5.785315	0	0.000000	1.327145	561	0.229947	0.467000	0.512721	
462	0.787879	538	0.258364	5.785315	0	0.000000	1.327145	538	0.258364	0.503000	0.512715	
457	0.787746	543	0.232044	5.785315	0	0.000000	1.327145	543	0.232044	0.486000	0.512698	
422	0.781991	578	0.237024	5.785315	0	0.000000	1.327145	578	0.237024	0.467000	0.512668	
430	0.765116	570	0.219298	5.785315	0	0.000000	1.327145	570	0.219298	0.454000	0.512630	
457	0.770241	543	0.208103	5.785315	0	0.000000	1.327145	543	0.208103	0.465000	0.512599	
434	0.783410	566	0.229682	5.785315	0	0.000000	1.327145	566	0.229682	0.470000	0.512572	
423	0.770686	577	0.235702	5.785315	0	0.000000	1.327145	577	0.235702	0.462000	0.512539	
483	0.737060	517	0.199226	5.785315	0	0.000000	1.327145	517	0.199226	0.459000	0.512505	
449	0.812918	551	0.301270	5.785315	0	0.000000	1.133213	551	0.301270	0.531000	0.512516	
440	0.759091	560	0.305357	5.785315	0	0.000000	1.133213	560	0.305357	0.505000	0.512512	
427	0.765808	573	0.317627	5.785315	0	0.000000	1.133213	573	0.317627	0.509000	0.512509	
424	0.785377	576	0.305556	5.785315	0	0.000000	1.133213	576	0.305556	0.509000	0.512507	
470	0.770213	530	0.303774	5.785315	0	0.000000	1.133213	530	0.303774	0.523000	0.512514	
457	0.783370	543	0.289134	5.785315	0	0.000000	1.133213	543	0.289134	0.515000	0.512515	
424	0.766509	576	0.302083	5.785315	0	0.000000	1.133213	576	0.302083	0.499000	0.512507	
460	0.784783	540	0.340741	5.785315	0	0.000000	1.133213	540	0.340741	0.545000	0.512528	
445	0.795506	555	0.336937	5.785315	0	0.000000	1.133213	555	0.336937	0.541000	0.512546	
434	0.755760	566	0.340989	5.785315	0	0.000000	1.133213	566	0.340989	0.521000	0.512551	
408	0.789216	592	0.302365	5.785315	0	0.000000	1.133213	592	0.302365	0.501000	0.512544	
439	0.785877	561	0.308378	5.785315	0	0.000000	1.133213	561	0.308378	0.518000	0.512547	
453	0.743929	547	0.314442	5.785315	0	0.000000	1.133213	547	0.314442	0.509000	0.512545	
425	0.776471	575	0.300870	5.785315	0	0.000000	1.133213	575	0.300870	0.503000	0.512539	
428	0.750000	572	0.377622	5.785315	0	0.000000	1.133213	572	0.377622	0.537000	0.512555	
422	0.789100	578	0.295848	5.785315	0	0.000000	1.133213	578	0.295848	0.504000	0.512549	
420	0.754762	580	0.318966	5.785315	0	0.000000	1.133213	580	0.318966	0.502000	0.512542	
444	0.750000	556	0.323741	5.785315	0	0.000000	1.133213	556	0.323741	0.513000	0.512543	
444	0.824324	556	0.343525	5.785315	0	0.000000	1.133213	556	0.343525	0.557000	0.512571	
466	0.796137	534	0.312734	5.785315	0	0.000000	1.133213	534	0.312734	0.538000	0.512587	
434	0.799539	566	0.323322	5.785315	0	0.000000	1.133213	566	0.323322	0.530000	0.512598	
418	0.763158	582	0.336770	5.785315	0	0.000000	1.133213	582	0.336770	0.515000	0.512600	
419	0.806683	581	0.325301	5.785315	0	0.000000	1.133213	581	0.325301	0.527000	0.512609	
462	0.770563	538	0.312268	5.785315	0	0.000000	1.133213	538	0.312268	0.524000	0.512616	
418	0.806220	582	0.326460	5.785315	0	0.000000	1.133213	582	0.326460	0.527000	0.512625	
427	0.800937	573	0.308901	5.785315	0	0.000000	1.133213	573	0.308901	0.519000	0.512630	
476	0.756303	524	0.318702	5.785315	0	0.000000	1.133213	524	0.318702	0.527000	0.512639	
438	0.755708	562	0.346975	5.785315	0	0.000000	1.133213	562	0.346975	0.526000	0.512647	
435	0.754023	565	0.332743	5.785315	0	0.000000	1.133213	565	0.332743	0.516000	0.512649	
404	0.784653	596	0.333893	5.785315	0	0.000000	1.133213	596	0.333893	0.516000	0.512651	
442	0.787330	558	0.322581	5.785315	0	0.000000	1.133213	558	0.322581	0.528000	0.512661	
408	0.786765	592	0.347973	5.785315	0	0.000000	1.133213	592	0.347973	0.527000	0.512670	
454	0.786344	546	0.326007	5.785315	0	0.000000	1.133213	546	0.326007	0.535000	0.512684	
444	0.761261	556	0.309353	5.785315	0	0.000000	1.133213	556	0.309353	0.510000	0.512683	
438	0.771689	562	0.343416	5.785315	0	0.000000	1.133213	562	0.343416	0.531000	0.512694	
434	0.794931	566	0.339223	5.785315	0	0.000000	1.133213	566	0.339223	0.537000	0.512709	
436	0.747706	564	0.299645	5.785315	0	0.000000	1.133213	564	0.299645	0.495000	0.512698	
442	0.742081	558	0.331541	5.785315	0	0.000000	1.133213	558	0.331541	0.513000	0.512698	
426	0.779343	574	0.299652	5.785315	0	0.000000	1.133213	574	0.299652	0.504000	0.512693	
418	0.751196	582	0.378007	5.785315	0	0.000000	1.133213	582	0.378007	0.534000	0.512706	
452	0.747788	548	0.350365	5.785315	0	0.000000	1.133213	548	0.350365	0.530000	0.512717	
454	0.788546	546	0.283883	5.785315	0	0.000000	1.133213	546	0.283883	0.513000	0.512717	
419	0.754177	581	0.347676	5.785315	0	0.000000	1.133213	581	0.347676	0.518000	0.512721	
441	0.782313	559	0.350626	5.785315	0	0.000000	1.133213	559	0.350626	0.541000	0.512739	
445	0.777528	555	0.327928	5.785315	0	0.000000	1.133213	555	0.327928	0.528000	0.512748	
422	0.755924	578	0.309689	5.785315	0	0.000000	1.133213	578	0.309689	0.498000	0.512739	
411	0.817518	589	0.281834	5.785315	0	0.000000	1.133213	589	0.281834	0.502000	0.512732	
458	0.781659	542	0.309963	5.785315	0	0.000000	1.133213	542	0.309963	0.526000	0.512740	
433	0.764434	567	0.312169	5.785315	0	0.000000	1.133213	567	0.312169	0.508000	0.512737	
446	0.802691	554	0.301444	5.785315	0	0.000000	1.133213	554	0.301444	0.525000	0.512745	
454	0.757709	546	0.271062	5.785315	0	0.000000	1.133213	546	0.271062	0.492000	0.512732	
444	0.770270	556	0.311151	5.785315	0	0.000000	1.133213	556	0.311151	0.515000	0.512734	
436	0.772936	564	0.359929	5.785315	0	0.000000	1.133213	564	0.359929	0.540000	0.512751	
431	0.781903	569	0.282953	5.785315	0	0.000000	1.133213	569	0.282953	0.498000	0.512741	
432	0.740741	568	0.338028	5.785315	0	0.000000	1.133213	568	0.338028	0.512000	0.512741	
433	0.789838	567	0.328042	5.785315	0	0.000000	1.133213	567	0.328042	0.528000	0.512750	
458	0.794760	542	0.324723	5.785315	0	0.000000	1.133213	542	0.324723	0.540000	0.512767	
453	0.763797	547	0.343693	5.785315	0	0.000000	1.133213	547	0.343693	0.534000	0.512781	
451	0.776053	549	0.333333	5.785315	0	0.000000	1.133213	549	0.333333	0.533000	0.512793	
433	0.762125	567	0.310406	5.785315	0	0.000000	1.133213	567	0.310406	0.506000	0.512789	
454	0.801762	546	0.291209	5.785315	0	0.000000	1.133213	546	0.291209	0.523000	0.512795	
449	0.772829	551	0.330309	5.785315	0	0.000000	1.133213	551	0.330309	0.529000	0.512805	
457	0.772429	543	0.300184	5.785315	0	0.000000	1.133213	543	0.300184	0.516000	0.512807	
476	0.768908	524	0.290076	5.785315	0	0.000000	1.133213	524	0.290076	0.518000	0.512811	
457	0.785558	543	0.324125	5.785315	0	0.000000	1.133213	543	0.324125	0.535000	0.512824	
455	0.762637	545	0.368807	5.785315	0	0.000000	1.133213	545	0.368807	0.548000	0.512846	
440	0.788636	560	0.328571	5.785315	0	0.000000	1.133213	560	0.328571	0.531000	0.512857	
447	0.789709	553	0.262206	5.785315	0	0.000000	1.133213	553	0.262206	0.498000	0.512848	
422	0.744076	578	0.285467	5.785315	0	0.000000	1.133213	578	0.285467	0.479000	0.512827	
429	0.792541	571	0.318739	5.785315	0	0.000000	1.133213	571	0.318739	0.522000	0.512833	
472	0.766949	528	0.310606	5.785315	0	0.000000	1.133213	528	0.310606	0.526000	0.512841	
432	0.768519	568	0.309859	5.785315	0	0.000000	1.133213	568	0.309859	0.508000	0.512838	
468	0.728632	532	0.270677	5.785315	0	0.000000	1.133213	532	0.270677	0.485000	0.512821	
413	0.740920	587	0.265758	5.785315	0	0.000000	1.133213	587	0.265758	0.462000	0.512790	
407	0.800983	593	0.310287	5.785315	0	0.000000	1.133213	593	0.310287	0.510000	0.512788	
465	0.791398	535	0.327103	5.785315	0	0.000000	1.133213	535	0.327103	0.543000	0.512806	
468	0.790598	532	0.340226	5.785315	0	0.000000	1.133213	532	0.340226	0.551000	0.512830	
469	0.778252	531	0.337100	5.785315	0	0.000000	1.133213	531	0.337100	0.544000	0.512849	
450	0.748889	550	0.316364	5.785315	0	0.000000	1.133213	550	0.316364	0.511000	0.512848	
401	0.740648	599	0.333890	5.785315	0	0.000000	1.133213	599	0.333890	0.497000	0.512838	
464	0.760776	536	0.330224	5.785315	0	0.000000	1.133213	536	0.330224	0.530000	0.512849	
419	0.799523	581	0.323580	5.785315	0	0.000000	1.133213	581	0.323580	0.523000	0.512855	
442	0.830317	558	0.302867	5.785315	0	0.000000	1.133213	558	0.302867	0.536000	0.512869	
467	0.785867	533	0.375235	5.785315	0	0.000000	1.133213	533	0.375235	0.567000	0.512902	
465	0.800000	535	0.345794	5.785315	0	0.000000	1.133213	535	0.345794	0.557000	0.512929	
432	0.793981	568	0.362676	5.785315	0	0.000000	1.133213	568	0.362676	0.549000	0.512951	
442	0.812217	558	0.340502	5.785315	0	0.000000	1.133213	558	0.340502	0.549000	0.512973	
476	0.733193	524	0.333969	5.785315	0	0.000000	1.133213	524	0.333969	0.524000	0.512980	
471	0.762208	529	0.308129	5.785315	0	0.000000	1.133213	529	0.308129	0.522000	0.512986	
433	0.806005	567	0.365079	5.785315	0	0.000000	1.133213	567	0.365079	0.556000	0.513012	
454	0.823789	546	0.331502	5.785315	0	0.000000	1.133213	546	0.331502	0.555000	0.513037	
430	0.737209	570	0.278947	5.785315	0	0.000000	1.133213	570	0.278947	0.476000	0.513015	
442	0.753394	558	0.308244	5.785315	0	0.000000	1.133213	558	0.308244	0.505000	0.513010	
459	0.762527	541	0.329020	5.785315	0	0.000000	1.133213	541	0.329020	0.528000	0.513019	
483	0.768116	517	0.352031	5.785315	0	0.000000	1.133213	517	0.352031	0.553000	0.513043	
414	0.794686	586	0.307167	5.785315	0	0.000000	1.133213	586	0.307167	0.509000	0.513041	
433	0.785219	567	0.365079	5.785315	0	0.000000	1.133213	567	0.365079	0.547000	0.513062	
444	0.808559	556	0.311151	5.785315	0	0.000000	1.133213	556	0.311151	0.532000	0.513073	
430	0.786047	570	0.350877	5.785315	0	0.000000	1.133213	570	0.350877	0.538000	0.513088	
448	0.767857	552	0.311594	5.785315	0	0.000000	1.133213	552	0.311594	0.516000	0.513090	
440	0.756818	560	0.319643	5.785315	0	0.000000	1.133213	560	0.319643	0.512000	0.513089	
443	0.810384	557	0.348294	5.785315	0	0.000000	1.133213	557	0.348294	0.553000	0.513114	
448	0.796875	552	0.347826	5.785315	0	0.000000	1.133213	552	0.347826	0.549000	0.513135	
468	0.797009	532	0.328947	5.785315	0	0.000000	1.133213	532	0.328947	0.548000	0.513156	
479	0.782881	521	0.316699	5.785315	0	0.000000	1.133213	521	0.316699	0.540000	0.513173	
449	0.797327	551	0.359347	5.785315	0	0.000000	1.133213	551	0.359347	0.556000	0.513198	
432	0.805556	568	0.376761	5.785315	0	0.000000	1.133213	568	0.376761	0.562000	0.513228	
439	0.772210	561	0.342246	5.785315	0	0.000000	1.133213	561	0.342246	0.531000	0.513239	
418	0.779904	582	0.326460	5.785315	0	0.000000	1.133213	582	0.326460	0.516000	0.513240	
434	0.774194	566	0.323322	5.785315	0	0.000000	1.133213	566	0.323322	0.519000	0.513244	
463	0.796976	537	0.320298	5.785315	0	0.000000	1.133213	537	0.320298	0.541000	0.513261	
420	0.757143	580	0.332759	5.785315	0	0.000000	1.133213	580	0.332759	0.511000	0.513259	
448	0.785714	552	0.293478	5.785315	0	0.000000	1.133213	552	0.293478	0.514000	0.513260	
460	0.773913	540	0.270370	5.785315	0	0.000000	1.133213	540	0.270370	0.502000	0.513253	
442	0.780543	558	0.349462	5.785315	0	0.000000	1.133213	558	0.349462	0.540000	0.513269	
438	0.780822	562	0.341637	5.785315	0	0.000000	1.133213	562	0.341637	0.534000	0.513281	
411	0.778589	589	0.300509	5.785315	0	0.000000	1.133213	589	0.300509	0.497000	0.513272	
456	0.787281	544	0.336397	5.785315	0	0.000000	1.133213	544	0.336397	0.542000	0.513289	
434	0.804147	566	0.367491	5.785315	0	0.000000	1.133213	566	0.367491	0.557000	0.513315	
413	0.748184	587	0.376491	5.785315	0	0.000000	1.133213	587	0.376491	0.530000	0.513325	
454	0.797357	546	0.338828	5.785315	0	0.000000	1.133213	546	0.338828	0.547000	0.513345	
466	0.809013	534	0.368914	5.785315	0	0.000000	1.133213	534	0.368914	0.574000	0.513382	
441	0.773243	559	0.343470	5.785315	0	0.000000	1.133213	559	0.343470	0.533000	0.513393	
456	0.787281	544	0.382353	5.785315	0	0.000000	1.133213	544	0.382353	0.567000	0.513425	
449	0.786192	551	0.353902	5.785315	0	0.000000	1.133213	551	0.353902	0.548000	0.513446	
426	0.769953	574	0.341463	5.785315	0	0.000000	1.133213	574	0.341463	0.524000	0.513452	
439	0.797267	561	0.374332	5.785315	0	0.000000	1.133213	561	0.374332	0.560000	0.513480	
447	0.796421	553	0.370705	5.785315	0	0.000000	1.133213	553	0.370705	0.561000	0.513508	
397	0.773300	603	0.339967	5.785315	0	0.000000	1.133213	603	0.339967	0.512000	0.513507	
443	0.796840	557	0.387792	5.785315	0	0.000000	1.133213	557	0.387792	0.569000	0.513540	
453	0.770419	547	0.343693	5.785315	0	0.000000	1.133213	547	0.343693	0.537000	0.513554	
449	0.790646	551	0.301270	5.785315	0	0.000000	1.133213	551	0.301270	0.521000	0.513559	
431	0.812065	569	0.360281	5.785315	0	0.000000	1.133213	569	0.360281	0.555000	0.513584	
434	0.808756	566	0.388693	5.785315	0	0.000000	1.133213	566	0.388693	0.571000	0.513618	
449	0.812918	551	0.343013	5.785315	0	0.000000	1.133213	551	0.343013	0.554000	0.513642	
439	0.790433	561	0.352941	5.785315	0	0.000000	1.133213	561	0.352941	0.545000	0.513660	
448	0.810268	552	0.333333	5.785315	0	0.000000	1.133213	552	0.333333	0.547000	0.513680	
422	0.758294	578	0.330450	5.785315	0	0.000000	1.133213	578	0.330450	0.511000	0.513678	
436	0.779817	564	0.336879	5.785315	0	0.000000	1.133213	564	0.336879	0.530000	0.513688	
485	0.822680	515	0.366990	5.785315	0	0.000000	1.133213	515	0.366990	0.588000	0.513732	
450	0.755556	550	0.312727	5.785315	0	0.000000	1.133213	550	0.312727	0.512000	0.513731	
433	0.752887	567	0.313933	5.785315	0	0.000000	1.133213	567	0.313933	0.504000	0.513725	
455	0.800000	545	0.330275	5.785315	0	0.000000	1.133213	545	0.330275	0.544000	0.513743	
437	0.798627	563	0.330373	5.785315	0	0.000000	1.133213	563	0.330373	0.535000	0.513756	
433	0.792148	567	0.365079	5.785315	0	0.000000	1.133213	567	0.365079	0.550000	0.513777	
469	0.748401	531	0.299435	5.785315	0	0.000000	1.133213	531	0.299435	0.510000	0.513775	
464	0.780172	536	0.356343	5.785315	0	0.000000	1.133213	536	0.356343	0.553000	0.513798	
468	0.792735	532	0.357143	5.785315	0	0.000000	1.133213	532	0.357143	0.561000	0.513826	
455	0.760440	545	0.332110	5.785315	0	0.000000	1.133213	545	0.332110	0.527000	0.513834	
454	0.773128	546	0.362637	5.785315	0	0.000000	1.133213	546	0.362637	0.549000	0.513854	
457	0.814004	543	0.410681	5.785315	0	0.000000	1.133213	543	0.410681	0.595000	0.513902	
424	0.825472	576	0.303819	5.785315	0	0.000000	1.183503	576	0.303819	0.525000	0.513909	
451	0.811530	549	0.287796	5.785315	0	0.000000	1.183503	549	0.287796	0.524000	0.513915	
459	0.810458	541	0.330869	5.785315	0	0.000000	1.183503	541	0.330869	0.551000	0.513936	
460	0.776087	540	0.314815	5.785315	0	0.000000	1.183503	540	0.314815	0.527000	0.513944	
445	0.793258	555	0.277477	5.785315	0	0.000000	1.183503	555	0.277477	0.507000	0.513940	
427	0.770492	573	0.272251	5.785315	0	0.000000	1.183503	573	0.272251	0.485000	0.513923	
417	0.779376	583	0.274443	5.785315	0	0.000000	1.183503	583	0.274443	0.485000	0.513906	
448	0.801339	552	0.320652	5.785315	0	0.000000	1.183503	552	0.320652	0.536000	0.513919	
465	0.782796	535	0.317757	5.785315	0	0.000000	1.183503	535	0.317757	0.534000	0.513931	
423	0.794326	577	0.305026	5.785315	0	0.000000	1.183503	577	0.305026	0.512000	0.513930	
385	0.789610	615	0.334959	5.785315	0	0.000000	1.183503	615	0.334959	0.510000	0.513927	
407	0.759214	593	0.327150	5.785315	0	0.000000	1.183503	593	0.327150	0.503000	0.513921	
433	0.826790	567	0.322751	5.785315	0	0.000000	1.183503	567	0.322751	0.541000	0.513937	
431	0.779582	569	0.335677	5.785315	0	0.000000	1.183503	569	0.335677	0.527000	0.513944	
473	0.769556	527	0.299810	5.785315	0	0.000000	1.183503	527	0.299810	0.522000	0.513949	
448	0.767857	552	0.302536	5.785315	0	0.000000	1.183503	552	0.302536	0.511000	0.513947	
447	0.744966	553	0.309222	5.785315	0	0.000000	1.183503	553	0.309222	0.504000	0.513941	
430	0.786047	570	0.331579	5.785315	0	0.000000	1.183503	570	0.331579	0.527000	0.513949	
440	0.800000	560	0.314286	5.785315	0	0.000000	1.183503	560	0.314286	0.528000	0.513957	
453	0.785872	547	0.332724	5.785315	0	0.000000	1.183503	547	0.332724	0.538000	0.513971	
427	0.803279	573	0.307155	5.785315	0	0.000000	1.183503	573	0.307155	0.519000	0.513974	
487	0.767967	513	0.292398	5.785315	0	0.000000	1.183503	513	0.292398	0.524000	0.513980	
456	0.809211	544	0.272059	5.785315	0	0.000000	1.183503	544	0.272059	0.517000	0.513982	
455	0.780220	545	0.302752	5.785315	0	0.000000	1.183503	545	0.302752	0.520000	0.513985	
451	0.778271	549	0.298725	5.785315	0	0.000000	1.183503	549	0.298725	0.515000	0.513986	
418	0.811005	582	0.309278	5.785315	0	0.000000	1.183503	582	0.309278	0.519000	0.513989	
431	0.770302	569	0.302285	5.785315	0	0.000000	1.183503	569	0.302285	0.504000	0.513983	
440	0.797727	560	0.307143	5.785315	0	0.000000	1.183503	560	0.307143	0.523000	0.513988	
459	0.766885	541	0.332717	5.785315	0	0.000000	1.183503	541	0.332717	0.532000	0.513999	
454	0.784141	546	0.289377	5.785315	0	0.000000	1.183503	546	0.289377	0.514000	0.513999	
446	0.704036	554	0.310469	5.785315	0	0.000000	1.183503	554	0.310469	0.486000	0.513982	
467	0.807281	533	0.318949	5.785315	0	0.000000	1.183503	533	0.318949	0.547000	0.514001	
469	0.744136	531	0.320151	5.785315	0	0.000000	1.183503	531	0.320151	0.519000	0.514004	
469	0.733475	531	0.286252	5.785315	0	0.000000	1.183503	531	0.286252	0.496000	0.513994	
447	0.776286	553	0.314647	5.785315	0	0.000000	1.183503	553	0.314647	0.521000	0.513998	
426	0.802817	574	0.344948	5.785315	0	0.000000	1.183503	574	0.344948	0.540000	0.514013	
462	0.826840	538	0.299257	5.785315	0	0.000000	1.183503	538	0.299257	0.543000	0.514030	
445	0.802247	555	0.327928	5.785315	0	0.000000	1.183503	555	0.327928	0.539000	0.514044	
434	0.778802	566	0.316254	5.785315	0	0.000000	1.183503	566	0.316254	0.517000	0.514046	
439	0.794989	561	0.326203	5.785315	0	0.000000	1.183503	561	0.326203	0.532000	0.514056	
433	0.771363	567	0.294533	5.785315	0	0.000000	1.183503	567	0.294533	0.501000	0.514049	
442	0.748869	558	0.299283	5.785315	0	0.000000	1.183503	558	0.299283	0.498000	0.514039	
459	0.782135	541	0.295749	5.785315	0	0.000000	1.183503	541	0.295749	0.519000	0.514042	
458	0.777293	542	0.326568	5.785315	0	0.000000	1.183503	542	0.326568	0.533000	0.514053	
445	0.773034	555	0.342342	5.785315	0	0.000000	1.183503	555	0.342342	0.534000	0.514064	
437	0.784897	563	0.252220	5.785315	0	0.000000	1.183503	563	0.252220	0.485000	0.514048	
448	0.770089	552	0.322464	5.785315	0	0.000000	1.183503	552	0.322464	0.523000	0.514053	
438	0.787671	562	0.297153	5.785315	0	0.000000	1.183503	562	0.297153	0.512000	0.514052	
430	0.776744	570	0.280702	5.785315	0	0.000000	1.183503	570	0.280702	0.494000	0.514040	
421	0.743468	579	0.321244	5.785315	0	0.000000	1.183503	579	0.321244	0.499000	0.514032	
396	0.797980	604	0.334437	5.785315	0	0.000000	1.183503	604	0.334437	0.518000	0.514034	
447	0.789709	553	0.332731	5.785315	0	0.000000	1.183503	553	0.332731	0.537000	0.514047	
448	0.803571	552	0.338768	5.785315	0	0.000000	1.183503	552	0.338768	0.547000	0.514066	
435	0.793103	565	0.311504	5.785315	0	0.000000	1.183503	565	0.311504	0.521000	0.514070	
410	0.753659	590	0.320339	5.785315	0	0.000000	1.183503	590	0.320339	0.498000	0.514061	
433	0.815242	567	0.273369	5.785315	0	0.000000	1.183503	567	0.273369	0.508000	0.514057	
433	0.748268	567	0.308642	5.785315	0	0.000000	1.183503	567	0.308642	0.499000	0.514049	
434	0.758065	566	0.303887	5.785315	0	0.000000	1.183503	566	0.303887	0.501000	0.514041	
415	0.795181	585	0.309402	5.785315	0	0.000000	1.183503	585	0.309402	0.511000	0.514040	
478	0.769874	522	0.323755	5.785315	0	0.000000	1.183503	522	0.323755	0.537000	0.514053	
467	0.740899	533	0.298311	5.785315	0	0.000000	1.183503	533	0.298311	0.505000	0.514047	
429	0.769231	571	0.292469	5.785315	0	0.000000	1.183503	571	0.292469	0.497000	0.514038	
438	0.794521	562	0.309609	5.785315	0	0.000000	1.183503	562	0.309609	0.522000	0.514042	
453	0.783664	547	0.281536	5.785315	0	0.000000	1.183503	547	0.281536	0.509000	0.514039	
419	0.782816	581	0.311532	5.785315	0	0.000000	1.183503	581	0.311532	0.509000	0.514037	
479	0.776618	521	0.347409	5.785315	0	0.000000	1.183503	521	0.347409	0.553000	0.514059	
438	0.785388	562	0.327402	5.785315	0	0.000000	1.183503	562	0.327402	0.528000	0.514066	
454	0.764317	546	0.289377	5.785315	0	0.000000	1.183503	546	0.289377	0.505000	0.514061	
472	0.750000	528	0.274621	5.785315	0	0.000000	1.183503	528	0.274621	0.499000	0.514053	
448	0.750000	552	0.250000	5.785315	0	0.000000	1.183503	552	0.250000	0.474000	0.514030	
438	0.746575	562	0.295374	5.785315	0	0.000000	1.183503	562	0.295374	0.493000	0.514018	
432	0.745370	568	0.325704	5.785315	0	0.000000	1.183503	568	0.325704	0.507000	0.514014	
429	0.776224	571	0.329247	5.785315	0	0.000000	1.183503	571	0.329247	0.521000	0.514018	
447	0.756152	553	0.253165	5.785315	0	0.000000	1.183503	553	0.253165	0.478000	0.513998	
426	0.774648	574	0.306620	5.785315	0	0.000000	1.183503	574	0.306620	0.506000	0.513994	
428	0.787383	572	0.323427	5.785315	0	0.000000	1.183503	572	0.323427	0.522000	0.513998	
421	0.781473	579	0.303972	5.785315	0	0.000000	1.183503	579	0.303972	0.505000	0.513993	
423	0.813239	577	0.344887	5.785315	0	0.000000	1.183503	577	0.344887	0.543000	0.514009	
444	0.795045	556	0.296763	5.785315	0	0.000000	1.183503	556	0.296763	0.518000	0.514012	
441	0.809524	559	0.336315	5.785315	0	0.000000	1.183503	559	0.336315	0.545000	0.514029	
462	0.826840	538	0.314126	5.785315	0	0.000000	1.183503	538	0.314126	0.551000	0.514050	
443	0.790068	557	0.317774	5.785315	0	0.000000	1.183503	557	0.317774	0.527000	0.514057	
453	0.754967	547	0.340037	5.785315	0	0.000000	1.183503	547	0.340037	0.528000	0.514065	
434	0.758065	566	0.284452	5.785315	0	0.000000	1.183503	566	0.284452	0.490000	0.514051	
439	0.765376	561	0.272727	5.785315	0	0.000000	1.183503	561	0.272727	0.489000	0.514037	
403	0.796526	597	0.323283	5.785315	0	0.000000	1.183503	597	0.323283	0.514000	0.514037	
473	0.773784	527	0.318786	5.785315	0	0.000000	1.183503	527	0.318786	0.534000	0.514048	
423	0.758865	577	0.331023	5.785315	0	0.000000	1.183503	577	0.331023	0.512000	0.514047	
468	0.792735	532	0.372180	5.785315	0	0.000000	1.183503	532	0.372180	0.569000	0.514078	
455	0.751648	545	0.341284	5.785315	0	0.000000	1.183503	545	0.341284	0.528000	0.514086	
446	0.800448	554	0.344765	5.785315	0	0.000000	1.183503	554	0.344765	0.548000	0.514105	
421	0.741093	579	0.260794	5.785315	0	0.000000	1.183503	579	0.260794	0.463000	0.514076	
438	0.787671	562	0.322064	5.785315	0	0.000000	1.183503	562	0.322064	0.526000	0.514083	
449	0.790646	551	0.303085	5.785315	0	0.000000	1.183503	551	0.303085	0.522000	0.514087	
434	0.741935	566	0.328622	5.785315	0	0.000000	1.183503	566	0.328622	0.508000	0.514084	
451	0.756098	549	0.296903	5.785315	0	0.000000	1.183503	549	0.296903	0.504000	0.514078	
466	0.781116	534	0.284644	5.785315	0	0.000000	1.183503	534	0.284644	0.516000	0.514079	
442	0.798643	558	0.338710	5.785315	0	0.000000	1.183503	558	0.338710	0.542000	0.514095	
443	0.805869	557	0.317774	5.785315	0	0.000000	1.183503	557	0.317774	0.534000	0.514106	
435	0.749425	565	0.300885	5.785315	0	0.000000	1.183503	565	0.300885	0.496000	0.514096	
437	0.800915	563	0.294849	5.785315	0	0.000000	1.183503	563	0.294849	0.516000	0.514097	
457	0.774617	543	0.322284	5.785315	0	0.000000	1.183503	543	0.322284	0.529000	0.514105	
421	0.788599	579	0.297064	5.785315	0	0.000000	1.183503	579	0.297064	0.504000	0.514100	
430	0.779070	570	0.300000	5.785315	0	0.000000	1.183503	570	0.300000	0.506000	0.514095	
424	0.797170	576	0.303819	5.785315	0	0.000000	1.183503	576	0.303819	0.513000	0.514094	
454	0.784141	546	0.311355	5.785315	0	0.000000	1.183503	546	0.311355	0.526000	0.514101	
450	0.766667	550	0.312727	5.785315	0	0.000000	1.183503	550	0.312727	0.517000	0.514103	
433	0.801386	567	0.345679	5.785315	0	0.000000	1.183503	567	0.345679	0.543000	0.514119	
430	0.823256	570	0.303509	5.785315	0	0.000000	1.183503	570	0.303509	0.527000	0.514126	
439	0.806378	561	0.326203	5.785315	0	0.000000	1.183503	561	0.326203	0.537000	0.514138	
443	0.776524	557	0.346499	5.785315	0	0.000000	1.183503	557	0.346499	0.537000	0.514151	
437	0.780320	563	0.316163	5.785315	0	0.000000	1.183503	563	0.316163	0.519000	0.514154	
437	0.789474	563	0.287744	5.785315	0	0.000000	1.183503	563	0.287744	0.507000	0.514150	
431	0.751740	569	0.319859	5.785315	0	0.000000	1.183503	569	0.319859	0.506000	0.514145	
426	0.769953	574	0.303136	5.785315	0	0.000000	1.183503	574	0.303136	0.502000	0.514139	
434	0.771889	566	0.349823	5.785315	0	0.000000	1.183503	566	0.349823	0.533000	0.514149	
447	0.771812	553	0.318264	5.785315	0	0.000000	1.183503	553	0.318264	0.521000	0.514153	
430	0.762791	570	0.331579	5.785315	0	0.000000	1.183503	570	0.331579	0.517000	0.514154	
451	0.784922	549	0.322404	5.785315	0	0.000000	1.183503	549	0.322404	0.531000	0.514164	
437	0.794050	563	0.312611	5.785315	0	0.000000	1.183503	563	0.312611	0.523000	0.514168	
433	0.785219	567	0.306878	5.785315	0	0.000000	1.183503	567	0.306878	0.514000	0.514168	
456	0.789474	544	0.352941	5.785315	0	0.000000	1.183503	544	0.352941	0.552000	0.514189	
423	0.784870	577	0.320624	5.785315	0	0.000000	1.183503	577	0.320624	0.517000	0.514191	
444	0.781532	556	0.300360	5.785315	0	0.000000	1.183503	556	0.300360	0.514000	0.514191	
440	0.754545	560	0.335714	5.785315	0	0.000000	1.183503	560	0.335714	0.520000	0.514194	
431	0.786543	569	0.297012	5.785315	0	0.000000	1.183503	569	0.297012	0.508000	0.514190	
422	0.763033	578	0.307958	5.785315	0	0.000000	1.183503	578	0.307958	0.500000	0.514183	
463	0.779698	537	0.277467	5.785315	0	0.000000	1.183503	537	0.277467	0.510000	0.514180	
453	0.790287	547	0.277879	5.785315	0	0.000000	1.183503	547	0.277879	0.510000	0.514178	
469	0.771855	531	0.301318	5.785315	0	0.000000	1.183503	531	0.301318	0.522000	0.514182	
415	0.773494	585	0.319658	5.785315	0	0.000000	1.183503	585	0.319658	0.508000	0.514179	
431	0.770302	569	0.302285	5.785315	0	0.000000	1.183503	569	0.302285	0.504000	0.514173	
449	0.768374	551	0.283122	5.785315	0	0.000000	1.183503	551	0.283122	0.501000	0.514166	
425	0.781176	575	0.309565	5.785315	0	0.000000	1.183503	575	0.309565	0.510000	0.514164	
429	0.752914	571	0.309982	5.785315	0	0.000000	1.183503	571	0.309982	0.500000	0.514156	
402	0.825871	598	0.322742	5.785315	0	0.000000	1.183503	598	0.322742	0.525000	0.514162	
433	0.801386	567	0.312169	5.785315	0	0.000000	1.183503	567	0.312169	0.524000	0.514167	
415	0.739759	585	0.312821	5.785315	0	0.000000	1.183503	585	0.312821	0.490000	0.514154	
422	0.774882	578	0.292388	5.785315	0	0.000000	1.183503	578	0.292388	0.496000	0.514144	
426	0.798122	574	0.327526	5.785315	0	0.000000	1.183503	574	0.327526	0.528000	0.514152	
411	0.781022	589	0.315789	5.785315	0	0.000000	1.183503	589	0.315789	0.507000	0.514148	
467	0.788009	533	0.326454	5.785315	0	0.000000	1.183503	533	0.326454	0.542000	0.514163	
434	0.822581	566	0.342756	5.785315	0	0.000000	1.183503	566	0.342756	0.551000	0.514183	
437	0.782609	563	0.303730	5.785315	0	0.000000	1.183503	563	0.303730	0.513000	0.514182	
459	0.825708	541	0.319778	5.785315	0	0.000000	1.183503	541	0.319778	0.552000	0.514203	
406	0.785714	594	0.284512	5.785315	0	0.000000	1.183503	594	0.284512	0.488000	0.514189	
482	0.763485	518	0.335907	5.785315	0	0.000000	1.183503	518	0.335907	0.542000	0.514204	
427	0.765808	573	0.315881	5.785315	0	0.000000	1.183503	573	0.315881	0.508000	0.514200	
438	0.801370	562	0.327402	5.785315	0	0.000000	1.183503	562	0.327402	0.535000	0.514212	
448	0.765625	552	0.304348	5.785315	0	0.000000	1.183503	552	0.304348	0.511000	0.514210	
452	0.798673	548	0.322993	5.785315	0	0.000000	1.183503	548	0.322993	0.538000	0.514223	
488	0.805328	512	0.314453	5.785315	0	0.000000	1.183503	512	0.314453	0.554000	0.514244	
452	0.787611	548	0.295620	5.785315	0	0.000000	1.183503	548	0.295620	0.518000	0.514246	
439	0.788155	561	0.324421	5.785315	0	0.000000	1.183503	561	0.324421	0.528000	0.514254	
471	0.825902	529	0.349716	5.785315	0	0.000000	1.183503	529	0.349716	0.574000	0.514286	
448	0.774554	552	0.311594	5.785315	0	0.000000	1.183503	552	0.311594	0.519000	0.514289	
466	0.830472	534	0.361423	5.785315	0	0.000000	1.183503	534	0.361423	0.580000	0.514324	
458	0.799127	542	0.348708	5.785315	0	0.000000	1.183503	542	0.348708	0.555000	0.514346	
442	0.762443	558	0.320789	5.785315	0	0.000000	1.183503	558	0.320789	0.516000	0.514347	
417	0.772182	583	0.317324	5.785315	0	0.000000	1.183503	583	0.317324	0.507000	0.514343	
455	0.760440	545	0.343119	5.785315	0	0.000000	1.183503	545	0.343119	0.533000	0.514353	
464	0.801724	536	0.343284	5.785315	0	0.000000	1.183503	536	0.343284	0.556000	0.514375	
443	0.805869	557	0.344704	5.785315	0	0.000000	1.183503	557	0.344704	0.549000	0.514394	
438	0.764840	562	0.314947	5.785315	0	0.000000	1.183503	562	0.314947	0.512000	0.514392	
459	0.771242	541	0.314233	5.785315	0	0.000000	1.183503	541	0.314233	0.524000	0.514398	
446	0.809417	554	0.277978	5.785315	0	0.000000	1.183503	554	0.277978	0.515000	0.514398	
429	0.783217	571	0.304729	5.785315	0	0.000000	1.183503	571	0.304729	0.510000	0.514396	
427	0.782201	573	0.324607	5.785315	0	0.000000	1.183503	573	0.324607	0.520000	0.514399	
446	0.791480	554	0.323105	5.785315	0	0.000000	1.183503	554	0.323105	0.532000	0.514408	
483	0.784679	517	0.313346	5.785315	0	0.000000	1.183503	517	0.313346	0.541000	0.514422	
443	0.742664	557	0.342908	5.785315	0	0.000000	1.183503	557	0.342908	0.520000	0.514425	
458	0.772926	542	0.311808	5.785315	0	0.000000	1.183503	542	0.311808	0.523000	0.514430	
442	0.764706	558	0.311828	5.785315	0	0.000000	1.183503	558	0.311828	0.512000	0.514428	
475	0.793684	525	0.333333	5.785315	0	0.000000	1.183503	525	0.333333	0.552000	0.514448	
473	0.801268	527	0.320683	5.785315	0	0.000000	1.183503	527	0.320683	0.548000	0.514466	
440	0.802273	560	0.326786	5.785315	0	0.000000	1.183503	560	0.326786	0.536000	0.514478	
459	0.799564	541	0.317930	5.785315	0	0.000000	1.183503	541	0.317930	0.539000	0.514491	
442	0.762443	558	0.277778	5.785315	0	0.000000	1.183503	558	0.277778	0.492000	0.514479	
460	0.808696	540	0.351852	5.785315	0	0.000000	1.183503	540	0.351852	0.562000	0.514504	
410	0.800000	590	0.323729	5.785315	0	0.000000	1.183503	590	0.323729	0.519000	0.514507	
457	0.805252	543	0.333333	5.785315	0	0.000000	1.183503	543	0.333333	0.549000	0.514525	
459	0.766885	541	0.327172	5.785315	0	0.000000	1.183503	541	0.327172	0.529000	0.514533	
444	0.817568	556	0.282374	5.785315	0	0.000000	1.183503	556	0.282374	0.520000	0.514536	
419	0.778043	581	0.275387	5.785315	0	0.000000	1.183503	581	0.275387	0.486000	0.514520	
448	0.770089	552	0.329710	5.785315	0	0.000000	1.183503	552	0.329710	0.527000	0.514527	
416	0.802885	584	0.357877	5.785315	0	0.000000	1.183503	584	0.357877	0.543000	0.514542	
430	0.700000	570	0.336842	5.785315	0	0.000000	1.183503	570	0.336842	0.493000	0.514531	
433	0.796767	567	0.342152	5.785315	0	0.000000	1.183503	567	0.342152	0.539000	0.514544	
461	0.778742	539	0.367347	5.785315	0	0.000000	1.183503	539	0.367347	0.557000	0.514566	
427	0.772834	573	0.289703	5.785315	0	0.000000	1.183503	573	0.289703	0.496000	0.514556	
435	0.781609	565	0.277876	5.785315	0	0.000000	1.183503	565	0.277876	0.497000	0.514547	
440	0.786364	560	0.305357	5.785315	0	0.000000	1.183503	560	0.305357	0.517000	0.514548	
426	0.746479	574	0.317073	5.785315	0	0.000000	1.183503	574	0.317073	0.500000	0.514541	
449	0.801782	551	0.313975	5.785315	0	0.000000	1.183503	551	0.313975	0.533000	0.514550	
452	0.811947	548	0.291971	5.785315	0	0.000000	1.183503	548	0.291971	0.527000	0.514557	
482	0.757261	518	0.310811	5.785315	0	0.000000	1.183503	518	0.310811	0.526000	0.514563	
463	0.738661	537	0.258845	5.785315	0	0.000000	1.183503	537	0.258845	0.481000	0.514545	
456	0.754386	544	0.283088	5.785315	0	0.000000	1.183503	544	0.283088	0.498000	0.514537	
437	0.764302	563	0.310835	5.785315	0	0.000000	1.183503	563	0.310835	0.509000	0.514534	
437	0.800915	563	0.326821	5.785315	0	0.000000	1.183503	563	0.326821	0.534000	0.514544	
445	0.759551	555	0.293694	5.785315	0	0.000000	1.183503	555	0.293694	0.501000	0.514537	
457	0.789934	543	0.292818	5.785315	0	0.000000	1.183503	543	0.292818	0.520000	0.514540	
445	0.766292	555	0.275676	5.785315	0	0.000000	1.183503	555	0.275676	0.494000	0.514529	
482	0.751037	518	0.322394	5.785315	0	0.000000	1.183503	518	0.322394	0.529000	0.514536	
475	0.802105	525	0.342857	5.785315	0	0.000000	1.183503	525	0.342857	0.561000	0.514561	
462	0.783550	538	0.321561	5.785315	0	0.000000	1.183503	538	0.321561	0.535000	0.514572	
450	0.773333	550	0.330909	5.785315	0	0.000000	1.183503	550	0.330909	0.530000	0.514580	
467	0.773019	533	0.307692	5.785315	0	0.000000	1.183503	533	0.307692	0.525000	0.514585	
448	0.801339	552	0.344203	5.785315	0	0.000000	1.183503	552	0.344203	0.549000	0.514603	
460	0.797826	540	0.377778	5.785315	0	0.000000	1.183503	540	0.377778	0.571000	0.514633	
457	0.807440	543	0.340700	5.785315	0	0.000000	1.183503	543	0.340700	0.554000	0.514653	
459	0.775599	541	0.314233	5.785315	0	0.000000	1.183503	541	0.314233	0.526000	0.514659	
436	0.816514	564	0.310284	5.785315	0	0.000000	1.183503	564	0.310284	0.531000	0.514668	
445	0.777528	555	0.326126	5.785315	0	0.000000	1.183503	555	0.326126	0.527000	0.514674	
428	0.766355	572	0.319930	5.785315	0	0.000000	1.183503	572	0.319930	0.511000	0.514672	
427	0.789227	573	0.340314	5.785315	0	0.000000	1.183503	573	0.340314	0.532000	0.514681	
465	0.769892	535	0.315888	5.785315	0	0.000000	1.183503	535	0.315888	0.527000	0.514688	
418	0.763158	582	0.286942	5.785315	0	0.000000	1.183503	582	0.286942	0.486000	0.514673	
463	0.766739	537	0.322160	5.785315	0	0.000000	1.183503	537	0.322160	0.528000	0.514680	
473	0.767442	527	0.320683	5.785315	0	0.000000	1.183503	527	0.320683	0.532000	0.514689	
472	0.802966	528	0.287879	5.785315	0	0.000000	1.183503	528	0.287879	0.531000	0.514697	
427	0.751756	573	0.312391	5.785315	0	0.000000	1.183503	573	0.312391	0.500000	0.514690	
440	0.777273	560	0.300000	5.785315	0	0.000000	1.183503	560	0.300000	0.510000	0.514687	
457	0.761488	543	0.305709	5.785315	0	0.000000	1.183503	543	0.305709	0.514000	0.514687	
455	0.793407	545	0.326606	5.785315	0	0.000000	1.183503	545	0.326606	0.539000	0.514699	
446	0.791480	554	0.288809	5.785315	0	0.000000	1.183503	554	0.288809	0.513000	0.514699	
467	0.775161	533	0.296435	5.785315	0	0.000000	1.183503	533	0.296435	0.520000	0.514701	
453	0.810155	547	0.297989	5.785315	0	0.000000	1.183503	547	0.297989	0.530000	0.514709	
467	0.792291	533	0.317073	5.785315	0	0.000000	1.183503	533	0.317073	0.539000	0.514722	
447	0.767338	553	0.332731	5.785315	0	0.000000	1.183503	553	0.332731	0.527000	0.514728	
458	0.788210	542	0.298893	5.785315	0	0.000000	1.183503	542	0.298893	0.523000	0.514733	
416	0.783654	584	0.333904	5.785315	0	0.000000	1.183503	584	0.333904	0.521000	0.514736	
453	0.816777	547	0.330896	5.785315	0	0.000000	1.183503	547	0.330896	0.551000	0.514755	
436	0.782110	564	0.281915	5.785315	0	0.000000	1.183503	564	0.281915	0.500000	0.514747	
461	0.780911	539	0.315399	5.785315	0	0.000000	1.183503	539	0.315399	0.530000	0.514755	
469	0.801706	531	0.286252	5.785315	0	0.000000	1.183503	531	0.286252	0.528000	0.514762	
474	0.793249	526	0.387833	5.785315	0	0.000000	1.183503	526	0.387833	0.580000	0.514795	
407	0.796069	593	0.305228	5.785315	0	0.000000	1.183503	593	0.305228	0.505000	0.514790	
432	0.835648	568	0.359155	5.785315	0	0.000000	1.183503	568	0.359155	0.565000	0.514816	
436	0.805046	564	0.328014	5.785315	0	0.000000	1.183503	564	0.328014	0.536000	0.514827	
461	0.765727	539	0.272727	5.785315	0	0.000000	1.183503	539	0.272727	0.500000	0.514819	
454	0.766520	546	0.313187	5.785315	0	0.000000	1.183503	546	0.313187	0.519000	0.514822	
431	0.772622	569	0.330404	5.785315	0	0.000000	1.183503	569	0.330404	0.521000	0.514825	
430	0.776744	570	0.310526	5.785315	0	0.000000	1.183503	570	0.310526	0.511000	0.514823	
457	0.750547	543	0.335175	5.785315	0	0.000000	1.183503	543	0.335175	0.525000	0.514828	
433	0.764434	567	0.306878	5.785315	0	0.000000	1.183503	567	0.306878	0.505000	0.514823	
437	0.764302	563	0.317940	5.785315	0	0.000000	1.183503	563	0.317940	0.513000	0.514822	
422	0.779621	578	0.335640	5.785315	0	0.000000	1.183503	578	0.335640	0.523000	0.514826	
460	0.784783	540	0.327778	5.785315	0	0.000000	1.183503	540	0.327778	0.538000	0.514838	
473	0.811839	527	0.349146	5.785315	0	0.000000	1.183503	527	0.349146	0.568000	0.514865	
455	0.828571	545	0.300917	5.785315	0	0.000000	1.183503	545	0.300917	0.541000	0.514879	
426	0.776995	574	0.313589	5.785315	0	0.000000	1.183503	574	0.313589	0.511000	0.514877	
460	0.793478	540	0.298148	5.785315	0	0.000000	1.183503	540	0.298148	0.526000	0.514882	
442	0.785068	558	0.304659	5.785315	0	0.000000	1.183503	558	0.304659	0.517000	0.514884	
444	0.772523	556	0.314748	5.785315	0	0.000000	1.183503	556	0.314748	0.518000	0.514885	
433	0.773672	567	0.310406	5.785315	0	0.000000	1.183503	567	0.310406	0.511000	0.514883	
457	0.787746	543	0.313076	5.785315	0	0.000000	1.183503	543	0.313076	0.530000	0.514891	
437	0.762014	563	0.289520	5.785315	0	0.000000	1.183503	563	0.289520	0.496000	0.514881	
455	0.780220	545	0.333945	5.785315	0	0.000000	1.183503	545	0.333945	0.537000	0.514893	
429	0.771562	571	0.315236	5.785315	0	0.000000	1.183503	571	0.315236	0.511000	0.514891	
447	0.785235	553	0.307414	5.785315	0	0.000000	1.183503	553	0.307414	0.521000	0.514894	
436	0.763761	564	0.315603	5.785315	0	0.000000	1.183503	564	0.315603	0.511000	0.514892	
460	0.767391	540	0.287037	5.785315	0	0.000000	1.183503	540	0.287037	0.508000	0.514888	
463	0.792657	537	0.297952	5.785315	0	0.000000	1.183503	537	0.297952	0.527000	0.514894	
433	0.782910	567	0.317460	5.785315	0	0.000000	1.183503	567	0.317460	0.519000	0.514896	
450	0.775556	550	0.310909	5.785315	0	0.000000	1.183503	550	0.310909	0.520000	0.514899	
466	0.785408	534	0.327715	5.785315	0	0.000000	1.183503	534	0.327715	0.541000	0.514912	
444	0.783784	556	0.311151	5.785315	0	0.000000	1.183503	556	0.311151	0.521000	0.514915	
446	0.784753	554	0.328520	5.785315	0	0.000000	1.183503	554	0.328520	0.532000	0.514924	
429	0.797203	571	0.339755	5.785315	0	0.000000	1.183503	571	0.339755	0.536000	0.514935	
416	0.831731	584	0.339041	5.785315	0	0.000000	1.183503	584	0.339041	0.544000	0.514950	
451	0.807095	549	0.351548	5.785315	0	0.000000	1.183503	549	0.351548	0.557000	0.514971	
450	0.793333	550	0.338182	5.785315	0	0.000000	1.183503	550	0.338182	0.543000	0.514985	
406	0.788177	594	0.356902	5.785315	0	0.000000	1.183503	594	0.356902	0.532000	0.514994	
424	0.792453	576	0.312500	5.785315	0	0.000000	1.183503	576	0.312500	0.516000	0.514994	
444	0.770270	556	0.343525	5.785315	0	0.000000	1.183503	556	0.343525	0.533000	0.515003	
441	0.804989	559	0.296959	5.785315	0	0.000000	1.183503	559	0.296959	0.521000	0.515006	
442	0.785068	558	0.311828	5.785315	0	0.000000	1.183503	558	0.311828	0.521000	0.515009	
447	0.794183	553	0.305606	5.785315	0	0.000000	1.183503	553	0.305606	0.524000	0.515014	
444	0.795045	556	0.298561	5.785315	0	0.000000	1.183503	556	0.298561	0.519000	0.515016	
436	0.818807	564	0.328014	5.785315	0	0.000000	1.183503	564	0.328014	0.542000	0.515030	
422	0.798578	578	0.328720	5.785315	0	0.000000	1.183503	578	0.328720	0.527000	0.515036	
461	0.798265	539	0.328386	5.785315	0	0.000000	1.183503	539	0.328386	0.545000	0.515051	
459	0.803922	541	0.316081	5.785315	0	0.000000	1.183503	541	0.316081	0.540000	0.515063	
457	0.772429	543	0.338858	5.785315	0	0.000000	1.183503	543	0.338858	0.537000	0.515074	
464	0.803879	536	0.313433	5.785315	0	0.000000	1.183503	536	0.313433	0.541000	0.515087	
453	0.827815	547	0.345521	5.785315	0	0.000000	1.183503	547	0.345521	0.564000	0.515112	
446	0.813901	554	0.330325	5.785315	0	0.000000	1.183503	554	0.330325	0.546000	0.515128	
438	0.812785	562	0.339858	5.785315	0	0.000000	1.183503	562	0.339858	0.547000	0.515144	
442	0.800905	558	0.318996	5.785315	0	0.000000	1.183503	558	0.318996	0.532000	0.515152	
458	0.805677	542	0.291513	5.785315	0	0.000000	1.183503	542	0.291513	0.527000	0.515158	
431	0.788863	569	0.305800	5.785315	0	0.000000	1.183503	569	0.305800	0.514000	0.515157	
458	0.755459	542	0.321033	5.785315	0	0.000000	1.183503	542	0.321033	0.520000	0.515160	
413	0.760291	587	0.367973	5.785315	0	0.000000	1.183503	587	0.367973	0.530000	0.515167	
451	0.796009	549	0.300546	5.785315	0	0.000000	1.183503	549	0.300546	0.524000	0.515172	
452	0.721239	548	0.319343	5.785315	0	0.000000	1.183503	548	0.319343	0.501000	0.515165	
454	0.768722	546	0.320513	5.785315	0	0.000000	1.183503	546	0.320513	0.524000	0.515169	
456	0.807018	544	0.308824	5.785315	0	0.000000	1.183503	544	0.308824	0.536000	0.515179	
425	0.783529	575	0.328696	5.785315	0	0.000000	1.183503	575	0.328696	0.522000	0.515183	
486	0.798354	514	0.315175	5.785315	0	0.000000	1.183503	514	0.315175	0.550000	0.515200	
