Rate	44.44
Est Data	55.56
Rate Tried	% Accepted	Est Data Tried	% Accepted	Alpha Trait 1 - Dev	Alpha Trait 1 - Tried	Alpha Trait 1 - Accepted	Data - Dev	Data - Tried	Data - Accepted	Sample Ave Acceptance	Total Ave Acceptance	
410	0.765854	590	0.238983	5.785315	0	0.000000	1.585977	590	0.238983	0.455000	0.512574	
430	0.825581	570	0.301754	5.785315	0	0.000000	1.585977	570	0.301754	0.527000	0.512588	
455	0.784615	545	0.266055	5.785315	0	0.000000	1.585977	545	0.266055	0.502000	0.512578	
453	0.803532	547	0.296161	5.785315	0	0.000000	1.585977	547	0.296161	0.526000	0.512591	
434	0.827189	566	0.286219	5.785315	0	0.000000	1.585977	566	0.286219	0.521000	0.512599	
444	0.754505	556	0.269784	5.785315	0	0.000000	1.585977	556	0.269784	0.485000	0.512572	
435	0.829885	565	0.341593	5.785315	0	0.000000	1.585977	565	0.341593	0.554000	0.512613	
427	0.805621	573	0.312391	5.785315	0	0.000000	1.585977	573	0.312391	0.523000	0.512623	
487	0.806982	513	0.294347	5.785315	0	0.000000	1.585977	513	0.294347	0.544000	0.512655	
447	0.818792	553	0.312839	5.785315	0	0.000000	1.585977	553	0.312839	0.539000	0.512681	
461	0.746204	539	0.319109	5.785315	0	0.000000	1.585977	539	0.319109	0.516000	0.512684	
444	0.831081	556	0.289568	5.785315	0	0.000000	1.585977	556	0.289568	0.530000	0.512701	
434	0.808756	566	0.287986	5.785315	0	0.000000	1.585977	566	0.287986	0.514000	0.512702	
452	0.765487	548	0.290146	5.785315	0	0.000000	1.585977	548	0.290146	0.505000	0.512695	
430	0.781395	570	0.282456	5.785315	0	0.000000	1.585977	570	0.282456	0.497000	0.512679	
480	0.768750	520	0.242308	5.785315	0	0.000000	1.585977	520	0.242308	0.495000	0.512662	
441	0.804989	559	0.282648	5.785315	0	0.000000	1.585977	559	0.282648	0.513000	0.512662	
457	0.831510	543	0.255985	5.785315	0	0.000000	1.585977	543	0.255985	0.519000	0.512668	
442	0.800905	558	0.263441	5.785315	0	0.000000	1.585977	558	0.263441	0.501000	0.512657	
454	0.801762	546	0.278388	5.785315	0	0.000000	1.585977	546	0.278388	0.516000	0.512660	
458	0.823144	542	0.285978	5.785315	0	0.000000	1.585977	542	0.285978	0.532000	0.512679	
469	0.818763	531	0.329567	5.785315	0	0.000000	1.585977	531	0.329567	0.559000	0.512725	
441	0.834467	559	0.323792	5.785315	0	0.000000	1.585977	559	0.323792	0.549000	0.512760	
430	0.816279	570	0.308772	5.785315	0	0.000000	1.585977	570	0.308772	0.527000	0.512774	
473	0.820296	527	0.309298	5.785315	0	0.000000	1.585977	527	0.309298	0.551000	0.512811	
439	0.792711	561	0.345811	5.785315	0	0.000000	1.585977	561	0.345811	0.542000	0.512840	
428	0.789720	572	0.321678	5.785315	0	0.000000	1.585977	572	0.321678	0.522000	0.512849	
445	0.840449	555	0.326126	5.785315	0	0.000000	1.585977	555	0.326126	0.555000	0.512890	
402	0.793532	598	0.314381	5.785315	0	0.000000	1.585977	598	0.314381	0.507000	0.512884	
435	0.804598	565	0.330973	5.785315	0	0.000000	1.585977	565	0.330973	0.537000	0.512907	
441	0.789116	559	0.345259	5.785315	0	0.000000	1.585977	559	0.345259	0.541000	0.512935	
476	0.842437	524	0.351145	5.785315	0	0.000000	1.585977	524	0.351145	0.585000	0.513004	
457	0.844639	543	0.335175	5.785315	0	0.000000	1.585977	543	0.335175	0.568000	0.513058	
408	0.816176	592	0.361486	5.785315	0	0.000000	1.585977	592	0.361486	0.547000	0.513090	
444	0.855856	556	0.332734	5.785315	0	0.000000	1.585977	556	0.332734	0.565000	0.513141	
458	0.829694	542	0.359779	5.785315	0	0.000000	1.585977	542	0.359779	0.575000	0.513200	
445	0.813483	555	0.378378	5.785315	0	0.000000	1.585977	555	0.378378	0.572000	0.513257	
432	0.840278	568	0.336268	5.785315	0	0.000000	1.585977	568	0.336268	0.554000	0.513296	
414	0.821256	586	0.307167	5.785315	0	0.000000	1.585977	586	0.307167	0.520000	0.513303	
467	0.824411	533	0.324578	5.785315	0	0.000000	1.585977	533	0.324578	0.558000	0.513346	
441	0.834467	559	0.339893	5.785315	0	0.000000	1.585977	559	0.339893	0.558000	0.513389	
431	0.793503	569	0.323374	5.785315	0	0.000000	1.585977	569	0.323374	0.526000	0.513401	
454	0.790749	546	0.243590	5.785315	0	0.000000	1.585977	546	0.243590	0.492000	0.513380	
437	0.791762	563	0.321492	5.785315	0	0.000000	1.585977	563	0.321492	0.527000	0.513393	
414	0.775362	586	0.267918	5.785315	0	0.000000	1.585977	586	0.267918	0.478000	0.513359	
453	0.772627	547	0.312614	5.785315	0	0.000000	1.585977	547	0.312614	0.521000	0.513367	
441	0.834467	559	0.288014	5.785315	0	0.000000	1.585977	559	0.288014	0.529000	0.513382	
408	0.816176	592	0.324324	5.785315	0	0.000000	1.585977	592	0.324324	0.525000	0.513393	
442	0.803167	558	0.326165	5.785315	0	0.000000	1.585977	558	0.326165	0.537000	0.513415	
448	0.808036	552	0.289855	5.785315	0	0.000000	1.585977	552	0.289855	0.522000	0.513423	
462	0.794372	538	0.345725	5.785315	0	0.000000	1.585977	538	0.345725	0.553000	0.513461	
417	0.786571	583	0.322470	5.785315	0	0.000000	1.585977	583	0.322470	0.516000	0.513463	
458	0.790393	542	0.271218	5.785315	0	0.000000	1.585977	542	0.271218	0.509000	0.513459	
406	0.793103	594	0.311448	5.785315	0	0.000000	1.585977	594	0.311448	0.507000	0.513453	
424	0.799528	576	0.328125	5.785315	0	0.000000	1.585977	576	0.328125	0.528000	0.513467	
462	0.833333	538	0.236059	5.785315	0	0.000000	1.585977	538	0.236059	0.512000	0.513465	
466	0.798283	534	0.282772	5.785315	0	0.000000	1.585977	534	0.282772	0.523000	0.513474	
436	0.761468	564	0.310284	5.785315	0	0.000000	1.585977	564	0.310284	0.507000	0.513468	
449	0.775056	551	0.254083	5.785315	0	0.000000	1.585977	551	0.254083	0.488000	0.513444	
469	0.818763	531	0.276836	5.785315	0	0.000000	1.585977	531	0.276836	0.531000	0.513461	
434	0.838710	566	0.284452	5.785315	0	0.000000	1.585977	566	0.284452	0.525000	0.513472	
431	0.777262	569	0.282953	5.785315	0	0.000000	1.585977	569	0.282953	0.496000	0.513455	
467	0.766595	533	0.294559	5.785315	0	0.000000	1.585977	533	0.294559	0.515000	0.513457	
463	0.771058	537	0.327747	5.785315	0	0.000000	1.585977	537	0.327747	0.533000	0.513475	
437	0.766590	563	0.277087	5.785315	0	0.000000	1.585977	563	0.277087	0.491000	0.513454	
448	0.776786	552	0.315217	5.785315	0	0.000000	1.585977	552	0.315217	0.522000	0.513462	
436	0.775229	564	0.322695	5.785315	0	0.000000	1.585977	564	0.322695	0.520000	0.513468	
423	0.770686	577	0.299827	5.785315	0	0.000000	1.585977	577	0.299827	0.499000	0.513455	
443	0.803612	557	0.307002	5.785315	0	0.000000	1.585977	557	0.307002	0.527000	0.513467	
443	0.787810	557	0.271095	5.785315	0	0.000000	1.585977	557	0.271095	0.500000	0.513455	
444	0.774775	556	0.280576	5.785315	0	0.000000	1.585977	556	0.280576	0.500000	0.513442	
424	0.811321	576	0.312500	5.785315	0	0.000000	1.585977	576	0.312500	0.524000	0.513452	
438	0.785388	562	0.259786	5.785315	0	0.000000	1.585977	562	0.259786	0.490000	0.513430	
401	0.798005	599	0.252087	5.785315	0	0.000000	1.585977	599	0.252087	0.471000	0.513391	
438	0.810502	562	0.318505	5.785315	0	0.000000	1.585977	562	0.318505	0.534000	0.513410	
404	0.806931	596	0.256711	5.785315	0	0.000000	1.585977	596	0.256711	0.479000	0.513378	
423	0.813239	577	0.294627	5.785315	0	0.000000	1.585977	577	0.294627	0.514000	0.513378	
434	0.774194	566	0.295053	5.785315	0	0.000000	1.585977	566	0.295053	0.503000	0.513369	
423	0.751773	577	0.263432	5.785315	0	0.000000	1.585977	577	0.263432	0.470000	0.513329	
423	0.799054	577	0.261698	5.785315	0	0.000000	1.585977	577	0.261698	0.489000	0.513306	
428	0.785047	572	0.246503	5.785315	0	0.000000	1.585977	572	0.246503	0.477000	0.513272	
457	0.796499	543	0.305709	5.785315	0	0.000000	1.585977	543	0.305709	0.530000	0.513288	
459	0.760349	541	0.277264	5.785315	0	0.000000	1.585977	541	0.277264	0.499000	0.513275	
444	0.840090	556	0.275180	5.785315	0	0.000000	1.585977	556	0.275180	0.526000	0.513286	
451	0.791574	549	0.311475	5.785315	0	0.000000	1.585977	549	0.311475	0.528000	0.513300	
444	0.770270	556	0.341727	5.785315	0	0.000000	1.585977	556	0.341727	0.532000	0.513317	
429	0.808858	571	0.287215	5.785315	0	0.000000	1.585977	571	0.287215	0.511000	0.513315	
455	0.789011	545	0.330275	5.785315	0	0.000000	1.585977	545	0.330275	0.539000	0.513339	
430	0.793023	570	0.331579	5.785315	0	0.000000	1.585977	570	0.331579	0.530000	0.513354	
468	0.820513	532	0.330827	5.785315	0	0.000000	1.585977	532	0.330827	0.560000	0.513397	
432	0.828704	568	0.285211	5.785315	0	0.000000	1.585977	568	0.285211	0.520000	0.513403	
461	0.822126	539	0.313544	5.785315	0	0.000000	1.585977	539	0.313544	0.548000	0.513435	
421	0.798100	579	0.326425	5.785315	0	0.000000	1.585977	579	0.326425	0.525000	0.513445	
425	0.788235	575	0.313043	5.785315	0	0.000000	1.585977	575	0.313043	0.515000	0.513447	
403	0.774194	597	0.269682	5.785315	0	0.000000	1.585977	597	0.269682	0.473000	0.513410	
456	0.780702	544	0.270221	5.785315	0	0.000000	1.585977	544	0.270221	0.503000	0.513400	
414	0.729469	586	0.300341	5.785315	0	0.000000	1.585977	586	0.300341	0.478000	0.513368	
417	0.788969	583	0.259005	5.785315	0	0.000000	1.585977	583	0.259005	0.480000	0.513337	
429	0.778555	571	0.238179	5.785315	0	0.000000	1.585977	571	0.238179	0.470000	0.513298	
395	0.784810	605	0.267769	5.785315	0	0.000000	1.585977	605	0.267769	0.472000	0.513260	
473	0.761099	527	0.237192	5.785315	0	0.000000	1.585977	527	0.237192	0.485000	0.513235	
433	0.729792	567	0.236332	5.785315	0	0.000000	1.585977	567	0.236332	0.450000	0.513177	
400	0.797500	600	0.261667	5.785315	0	0.000000	1.585977	600	0.261667	0.476000	0.513144	
435	0.756322	565	0.217699	5.785315	0	0.000000	1.585977	565	0.217699	0.452000	0.513088	
436	0.731651	564	0.232270	5.785315	0	0.000000	1.585977	564	0.232270	0.450000	0.513031	
439	0.799544	561	0.256684	5.785315	0	0.000000	1.585977	561	0.256684	0.495000	0.513015	
418	0.755981	582	0.243986	5.785315	0	0.000000	1.585977	582	0.243986	0.458000	0.512965	
467	0.785867	533	0.255159	5.785315	0	0.000000	1.585977	533	0.255159	0.503000	0.512956	
427	0.793911	573	0.256545	5.785315	0	0.000000	1.585977	573	0.256545	0.486000	0.512932	
508	0.816929	492	0.286585	5.785315	0	0.000000	1.585977	492	0.286585	0.556000	0.512971	
452	0.789823	548	0.290146	5.785315	0	0.000000	1.585977	548	0.290146	0.516000	0.512973	
475	0.800000	525	0.293333	5.785315	0	0.000000	1.585977	525	0.293333	0.534000	0.512992	
446	0.755605	554	0.299639	5.785315	0	0.000000	1.585977	554	0.299639	0.503000	0.512983	
440	0.809091	560	0.317857	5.785315	0	0.000000	1.585977	560	0.317857	0.534000	0.513002	
422	0.748815	578	0.318339	5.785315	0	0.000000	1.585977	578	0.318339	0.500000	0.512991	
450	0.813333	550	0.296364	5.785315	0	0.000000	1.585977	550	0.296364	0.529000	0.513005	
421	0.788599	579	0.279793	5.785315	0	0.000000	1.585977	579	0.279793	0.494000	0.512988	
446	0.769058	554	0.310469	5.785315	0	0.000000	1.585977	554	0.310469	0.515000	0.512990	
448	0.801339	552	0.302536	5.785315	0	0.000000	1.585977	552	0.302536	0.526000	0.513001	
460	0.778261	540	0.335185	5.785315	0	0.000000	1.585977	540	0.335185	0.539000	0.513025	
444	0.788288	556	0.280576	5.785315	0	0.000000	1.585977	556	0.280576	0.506000	0.513018	
443	0.778781	557	0.298025	5.785315	0	0.000000	1.585977	557	0.298025	0.511000	0.513016	
457	0.798687	543	0.265193	5.785315	0	0.000000	1.585977	543	0.265193	0.509000	0.513013	
444	0.765766	556	0.296763	5.785315	0	0.000000	1.585977	556	0.296763	0.505000	0.513006	
437	0.773455	563	0.314387	5.785315	0	0.000000	1.585977	563	0.314387	0.515000	0.513008	
452	0.851770	548	0.293796	5.785315	0	0.000000	1.585977	548	0.293796	0.546000	0.513037	
449	0.783964	551	0.294011	5.785315	0	0.000000	1.585977	551	0.294011	0.514000	0.513038	
419	0.804296	581	0.283993	5.785315	0	0.000000	1.585977	581	0.283993	0.502000	0.513028	
450	0.757778	550	0.298182	5.785315	0	0.000000	1.585977	550	0.298182	0.505000	0.513021	
445	0.820225	555	0.311712	5.785315	0	0.000000	1.585977	555	0.311712	0.538000	0.513043	
461	0.796095	539	0.291280	5.785315	0	0.000000	1.585977	539	0.291280	0.524000	0.513053	
471	0.785563	529	0.275992	5.785315	0	0.000000	1.585977	529	0.275992	0.516000	0.513055	
436	0.775229	564	0.306738	5.785315	0	0.000000	1.585977	564	0.306738	0.511000	0.513053	
466	0.783262	534	0.305243	5.785315	0	0.000000	1.585977	534	0.305243	0.528000	0.513067	
435	0.786207	565	0.286726	5.785315	0	0.000000	1.585977	565	0.286726	0.504000	0.513059	
446	0.742152	554	0.301444	5.785315	0	0.000000	1.585977	554	0.301444	0.498000	0.513045	
428	0.822430	572	0.316434	5.785315	0	0.000000	1.585977	572	0.316434	0.533000	0.513063	
434	0.769585	566	0.316254	5.785315	0	0.000000	1.585977	566	0.316254	0.513000	0.513063	
444	0.781532	556	0.302158	5.785315	0	0.000000	1.585977	556	0.302158	0.515000	0.513065	
443	0.781038	557	0.285458	5.785315	0	0.000000	1.585977	557	0.285458	0.505000	0.513057	
418	0.815789	582	0.305842	5.785315	0	0.000000	1.585977	582	0.305842	0.519000	0.513063	
459	0.786492	541	0.251386	5.785315	0	0.000000	1.585977	541	0.251386	0.497000	0.513049	
465	0.800000	535	0.280374	5.785315	0	0.000000	1.585977	535	0.280374	0.522000	0.513056	
401	0.783042	599	0.285476	5.785315	0	0.000000	1.585977	599	0.285476	0.485000	0.513032	
449	0.772829	551	0.306715	5.785315	0	0.000000	1.585977	551	0.306715	0.516000	0.513034	
439	0.792711	561	0.267380	5.785315	0	0.000000	1.585977	561	0.267380	0.498000	0.513021	
443	0.762980	557	0.262118	5.785315	0	0.000000	1.585977	557	0.262118	0.484000	0.512996	
425	0.788235	575	0.245217	5.785315	0	0.000000	1.585977	575	0.245217	0.476000	0.512964	
456	0.771930	544	0.261029	5.785315	0	0.000000	1.585977	544	0.261029	0.494000	0.512947	
452	0.807522	548	0.308394	5.785315	0	0.000000	1.585977	548	0.308394	0.534000	0.512966	
484	0.805785	516	0.292636	5.785315	0	0.000000	1.585977	516	0.292636	0.541000	0.512990	
446	0.800448	554	0.294224	5.785315	0	0.000000	1.585977	554	0.294224	0.520000	0.512996	
475	0.793684	525	0.291429	5.785315	0	0.000000	1.585977	525	0.291429	0.530000	0.513011	
428	0.773364	572	0.284965	5.785315	0	0.000000	1.585977	572	0.284965	0.494000	0.512994	
444	0.826577	556	0.294964	5.785315	0	0.000000	1.585977	556	0.294964	0.531000	0.513010	
461	0.796095	539	0.306122	5.785315	0	0.000000	1.585977	539	0.306122	0.532000	0.513026	
454	0.801762	546	0.307692	5.785315	0	0.000000	1.585977	546	0.307692	0.532000	0.513043	
456	0.800439	544	0.316176	5.785315	0	0.000000	1.585977	544	0.316176	0.537000	0.513063	
422	0.786730	578	0.306228	5.785315	0	0.000000	1.585977	578	0.306228	0.509000	0.513060	
473	0.788584	527	0.328273	5.785315	0	0.000000	1.585977	527	0.328273	0.546000	0.513088	
426	0.793427	574	0.296167	5.785315	0	0.000000	1.585977	574	0.296167	0.508000	0.513084	
465	0.772043	535	0.293458	5.785315	0	0.000000	1.585977	535	0.293458	0.516000	0.513086	
466	0.793991	534	0.279026	5.785315	0	0.000000	1.585977	534	0.279026	0.519000	0.513092	
439	0.804100	561	0.286988	5.785315	0	0.000000	1.585977	561	0.286988	0.514000	0.513092	
476	0.775210	524	0.301527	5.785315	0	0.000000	1.585977	524	0.301527	0.527000	0.513104	
452	0.805310	548	0.297445	5.785315	0	0.000000	1.585977	548	0.297445	0.527000	0.513116	
431	0.758701	569	0.300527	5.785315	0	0.000000	1.585977	569	0.300527	0.498000	0.513103	
453	0.821192	547	0.321755	5.785315	0	0.000000	1.585977	547	0.321755	0.548000	0.513133	
423	0.813239	577	0.332756	5.785315	0	0.000000	1.585977	577	0.332756	0.536000	0.513153	
461	0.835141	539	0.302412	5.785315	0	0.000000	1.585977	539	0.302412	0.548000	0.513182	
452	0.814159	548	0.332117	5.785315	0	0.000000	1.585977	548	0.332117	0.550000	0.513214	
447	0.782998	553	0.325497	5.785315	0	0.000000	1.585977	553	0.325497	0.530000	0.513228	
441	0.839002	559	0.311270	5.785315	0	0.000000	1.585977	559	0.311270	0.544000	0.513254	
436	0.759174	564	0.292553	5.785315	0	0.000000	1.585977	564	0.292553	0.496000	0.513240	
488	0.823770	512	0.287109	5.785315	0	0.000000	1.585977	512	0.287109	0.549000	0.513270	
441	0.795918	559	0.257603	5.785315	0	0.000000	1.585977	559	0.257603	0.495000	0.513255	
435	0.777011	565	0.288496	5.785315	0	0.000000	1.585977	565	0.288496	0.501000	0.513244	
410	0.802439	590	0.305085	5.785315	0	0.000000	1.585977	590	0.305085	0.509000	0.513241	
451	0.818182	549	0.296903	5.785315	0	0.000000	1.585977	549	0.296903	0.532000	0.513257	
450	0.795556	550	0.314545	5.785315	0	0.000000	1.585977	550	0.314545	0.531000	0.513272	
462	0.729437	538	0.314126	5.785315	0	0.000000	1.585977	538	0.314126	0.506000	0.513265	
452	0.754425	548	0.279197	5.785315	0	0.000000	1.585977	548	0.279197	0.494000	0.513249	
426	0.774648	574	0.277003	5.785315	0	0.000000	1.585977	574	0.277003	0.489000	0.513229	
420	0.778571	580	0.277586	5.785315	0	0.000000	1.585977	580	0.277586	0.488000	0.513207	
447	0.778523	553	0.311031	5.785315	0	0.000000	1.585977	553	0.311031	0.520000	0.513213	
449	0.777283	551	0.324864	5.785315	0	0.000000	1.585977	551	0.324864	0.528000	0.513226	
449	0.804009	551	0.312160	5.785315	0	0.000000	1.585977	551	0.312160	0.533000	0.513242	
436	0.818807	564	0.296099	5.785315	0	0.000000	1.585977	564	0.296099	0.524000	0.513251	
446	0.809417	554	0.317690	5.785315	0	0.000000	1.585977	554	0.317690	0.537000	0.513271	
412	0.825243	588	0.278912	5.785315	0	0.000000	1.585977	588	0.278912	0.504000	0.513263	
472	0.838983	528	0.297348	5.785315	0	0.000000	1.585977	528	0.297348	0.553000	0.513297	
452	0.803097	548	0.299270	5.785315	0	0.000000	1.585977	548	0.299270	0.527000	0.513308	
457	0.807440	543	0.305709	5.785315	0	0.000000	1.585977	543	0.305709	0.535000	0.513326	
454	0.768722	546	0.263736	5.785315	0	0.000000	1.585977	546	0.263736	0.493000	0.513309	
446	0.760090	554	0.283394	5.785315	0	0.000000	1.585977	554	0.283394	0.496000	0.513295	
429	0.827506	571	0.308231	5.785315	0	0.000000	1.585977	571	0.308231	0.531000	0.513310	
457	0.785558	543	0.268877	5.785315	0	0.000000	1.585977	543	0.268877	0.505000	0.513303	
460	0.797826	540	0.274074	5.785315	0	0.000000	1.585977	540	0.274074	0.515000	0.513304	
448	0.750000	552	0.277174	5.785315	0	0.000000	1.585977	552	0.277174	0.489000	0.513284	
448	0.765625	552	0.222826	5.785315	0	0.000000	1.585977	552	0.222826	0.466000	0.513245	
463	0.734341	537	0.266294	5.785315	0	0.000000	1.585977	537	0.266294	0.483000	0.513219	
463	0.788337	537	0.281192	5.785315	0	0.000000	1.585977	537	0.281192	0.516000	0.513222	
476	0.758403	524	0.274809	5.785315	0	0.000000	1.585977	524	0.274809	0.505000	0.513215	
413	0.782082	587	0.284497	5.785315	0	0.000000	1.585977	587	0.284497	0.490000	0.513196	
436	0.811927	564	0.324468	5.785315	0	0.000000	1.585977	564	0.324468	0.537000	0.513215	
412	0.786408	588	0.299320	5.785315	0	0.000000	1.585977	588	0.299320	0.500000	0.513204	
443	0.817156	557	0.285458	5.785315	0	0.000000	1.585977	557	0.285458	0.521000	0.513211	
458	0.772926	542	0.271218	5.785315	0	0.000000	1.585977	542	0.271218	0.501000	0.513201	
453	0.783664	547	0.254113	5.785315	0	0.000000	1.585977	547	0.254113	0.494000	0.513185	
430	0.781395	570	0.284211	5.785315	0	0.000000	1.585977	570	0.284211	0.498000	0.513172	
414	0.799517	586	0.252560	5.785315	0	0.000000	1.585977	586	0.252560	0.479000	0.513144	
471	0.791932	529	0.279773	5.785315	0	0.000000	1.585977	529	0.279773	0.521000	0.513151	
406	0.775862	594	0.260943	5.785315	0	0.000000	1.585977	594	0.260943	0.470000	0.513115	
449	0.781737	551	0.306715	5.785315	0	0.000000	1.585977	551	0.306715	0.520000	0.513121	
463	0.768898	537	0.292365	5.785315	0	0.000000	1.585977	537	0.292365	0.513000	0.513121	
468	0.788462	532	0.306391	5.785315	0	0.000000	1.585977	532	0.306391	0.532000	0.513136	
460	0.819565	540	0.264815	5.785315	0	0.000000	1.585977	540	0.264815	0.520000	0.513142	
473	0.807611	527	0.320683	5.785315	0	0.000000	1.585977	527	0.320683	0.551000	0.513173	
470	0.808511	530	0.305660	5.785315	0	0.000000	1.585977	530	0.305660	0.542000	0.513196	
453	0.823400	547	0.274223	5.785315	0	0.000000	1.585977	547	0.274223	0.523000	0.513204	
429	0.799534	571	0.280210	5.785315	0	0.000000	1.585977	571	0.280210	0.503000	0.513196	
430	0.772093	570	0.310526	5.785315	0	0.000000	1.585977	570	0.310526	0.509000	0.513193	
442	0.751131	558	0.284946	5.785315	0	0.000000	1.585977	558	0.284946	0.491000	0.513175	
433	0.789838	567	0.271605	5.785315	0	0.000000	1.585977	567	0.271605	0.496000	0.513161	
481	0.800416	519	0.275530	5.785315	0	0.000000	1.585977	519	0.275530	0.528000	0.513173	
461	0.824295	539	0.319109	5.785315	0	0.000000	1.585977	539	0.319109	0.552000	0.513204	
415	0.773494	585	0.299145	5.785315	0	0.000000	1.585977	585	0.299145	0.496000	0.513190	
447	0.841163	553	0.271248	5.785315	0	0.000000	1.585977	553	0.271248	0.526000	0.513201	
438	0.776256	562	0.291815	5.785315	0	0.000000	1.585977	562	0.291815	0.504000	0.513193	
439	0.767654	561	0.274510	5.785315	0	0.000000	1.585977	561	0.274510	0.491000	0.513175	
446	0.791480	554	0.299639	5.785315	0	0.000000	1.585977	554	0.299639	0.519000	0.513180	
447	0.798658	553	0.303797	5.785315	0	0.000000	1.585977	553	0.303797	0.525000	0.513190	
431	0.802784	569	0.293497	5.785315	0	0.000000	1.585977	569	0.293497	0.513000	0.513189	
483	0.821946	517	0.295938	5.785315	0	0.000000	1.585977	517	0.295938	0.550000	0.513219	
429	0.787879	571	0.269702	5.785315	0	0.000000	1.585977	571	0.269702	0.492000	0.513202	
470	0.817021	530	0.279245	5.785315	0	0.000000	1.585977	530	0.279245	0.532000	0.513217	
461	0.774403	539	0.256030	5.785315	0	0.000000	1.585977	539	0.256030	0.495000	0.513202	
451	0.789357	549	0.285974	5.785315	0	0.000000	1.585977	549	0.285974	0.513000	0.513202	
460	0.745652	540	0.307407	5.785315	0	0.000000	1.585977	540	0.307407	0.509000	0.513199	
415	0.792771	585	0.266667	5.785315	0	0.000000	1.585977	585	0.266667	0.485000	0.513176	
446	0.800448	554	0.292419	5.785315	0	0.000000	1.585977	554	0.292419	0.519000	0.513181	
450	0.788889	550	0.276364	5.785315	0	0.000000	1.585977	550	0.276364	0.507000	0.513176	
425	0.807059	575	0.302609	5.785315	0	0.000000	1.585977	575	0.302609	0.517000	0.513179	
441	0.784580	559	0.266547	5.785315	0	0.000000	1.585977	559	0.266547	0.495000	0.513164	
441	0.818594	559	0.289803	5.785315	0	0.000000	1.585977	559	0.289803	0.523000	0.513172	
443	0.772009	557	0.276481	5.785315	0	0.000000	1.585977	557	0.276481	0.496000	0.513158	
432	0.791667	568	0.234155	5.785315	0	0.000000	1.585977	568	0.234155	0.475000	0.513128	
454	0.759912	546	0.304029	5.785315	0	0.000000	1.585977	546	0.304029	0.511000	0.513126	
414	0.814010	586	0.279863	5.785315	0	0.000000	1.585977	586	0.279863	0.501000	0.513116	
471	0.787686	529	0.240076	5.785315	0	0.000000	1.585977	529	0.240076	0.498000	0.513104	
429	0.769231	571	0.285464	5.785315	0	0.000000	1.585977	571	0.285464	0.493000	0.513088	
441	0.804989	559	0.300537	5.785315	0	0.000000	1.585977	559	0.300537	0.523000	0.513096	
446	0.786996	554	0.285199	5.785315	0	0.000000	1.585977	554	0.285199	0.509000	0.513093	
447	0.816555	553	0.289331	5.785315	0	0.000000	1.585977	553	0.289331	0.525000	0.513102	
456	0.798246	544	0.266544	5.785315	0	0.000000	1.585977	544	0.266544	0.509000	0.513099	
447	0.765101	553	0.292948	5.785315	0	0.000000	1.585977	553	0.292948	0.504000	0.513092	
445	0.813483	555	0.286486	5.785315	0	0.000000	1.585977	555	0.286486	0.521000	0.513098	
453	0.816777	547	0.297989	5.785315	0	0.000000	1.585977	547	0.297989	0.533000	0.513114	
432	0.766204	568	0.239437	5.785315	0	0.000000	1.585977	568	0.239437	0.467000	0.513077	
403	0.789082	597	0.234506	5.785315	0	0.000000	1.585977	597	0.234506	0.458000	0.513034	
427	0.763466	573	0.279232	5.785315	0	0.000000	1.585977	573	0.279232	0.486000	0.513012	
436	0.770642	564	0.303191	5.785315	0	0.000000	1.585977	564	0.303191	0.507000	0.513008	
491	0.767821	509	0.302554	5.785315	0	0.000000	1.585977	509	0.302554	0.531000	0.513022	
469	0.750533	531	0.269303	5.785315	0	0.000000	1.585977	531	0.269303	0.495000	0.513008	
453	0.821192	547	0.283364	5.785315	0	0.000000	1.585977	547	0.283364	0.527000	0.513019	
441	0.759637	559	0.311270	5.785315	0	0.000000	1.585977	559	0.311270	0.509000	0.513015	
445	0.768539	555	0.286486	5.785315	0	0.000000	1.585977	555	0.286486	0.501000	0.513006	
455	0.850549	545	0.293578	5.785315	0	0.000000	1.585977	545	0.293578	0.547000	0.513033	
446	0.831839	554	0.362816	5.785315	0	0.000000	1.585977	554	0.362816	0.572000	0.513079	
425	0.802353	575	0.266087	5.785315	0	0.000000	1.585977	575	0.266087	0.494000	0.513064	
491	0.806517	509	0.292731	5.785315	0	0.000000	1.585977	509	0.292731	0.545000	0.513089	
454	0.797357	546	0.320513	5.785315	0	0.000000	1.585977	546	0.320513	0.537000	0.513108	
456	0.791667	544	0.286765	5.785315	0	0.000000	1.585977	544	0.286765	0.517000	0.513111	
471	0.760085	529	0.260870	5.785315	0	0.000000	1.585977	529	0.260870	0.496000	0.513098	
472	0.775424	528	0.303030	5.785315	0	0.000000	1.585977	528	0.303030	0.526000	0.513108	
421	0.817102	579	0.283247	5.785315	0	0.000000	1.585977	579	0.283247	0.508000	0.513104	
441	0.780045	559	0.246869	5.785315	0	0.000000	1.585977	559	0.246869	0.482000	0.513079	
426	0.798122	574	0.301394	5.785315	0	0.000000	1.585977	574	0.301394	0.513000	0.513079	
441	0.773243	559	0.216458	5.785315	0	0.000000	1.585977	559	0.216458	0.462000	0.513039	
407	0.766585	593	0.254637	5.785315	0	0.000000	1.585977	593	0.254637	0.463000	0.513000	
447	0.787472	553	0.274864	5.785315	0	0.000000	1.585977	553	0.274864	0.504000	0.512993	
450	0.813333	550	0.270909	5.785315	0	0.000000	1.585977	550	0.270909	0.515000	0.512995	
465	0.808602	535	0.233645	5.785315	0	0.000000	1.585977	535	0.233645	0.501000	0.512986	
455	0.786813	545	0.299083	5.785315	0	0.000000	1.585977	545	0.299083	0.521000	0.512992	
438	0.778539	562	0.268683	5.785315	0	0.000000	1.585977	562	0.268683	0.492000	0.512975	
450	0.795556	550	0.278182	5.785315	0	0.000000	1.585977	550	0.278182	0.511000	0.512974	
440	0.781818	560	0.285714	5.785315	0	0.000000	1.585977	560	0.285714	0.504000	0.512967	
464	0.775862	536	0.274254	5.785315	0	0.000000	1.585977	536	0.274254	0.507000	0.512962	
447	0.807606	553	0.278481	5.785315	0	0.000000	1.585977	553	0.278481	0.515000	0.512964	
418	0.813397	582	0.309278	5.785315	0	0.000000	1.585977	582	0.309278	0.520000	0.512969	
444	0.783784	556	0.278777	5.785315	0	0.000000	1.585977	556	0.278777	0.503000	0.512962	
422	0.805687	578	0.340830	5.785315	0	0.000000	1.585977	578	0.340830	0.537000	0.512980	
447	0.807606	553	0.296564	5.785315	0	0.000000	1.585977	553	0.296564	0.525000	0.512990	
425	0.804706	575	0.292174	5.785315	0	0.000000	1.585977	575	0.292174	0.510000	0.512987	
436	0.800459	564	0.246454	5.785315	0	0.000000	1.585977	564	0.246454	0.488000	0.512968	
416	0.752404	584	0.296233	5.785315	0	0.000000	1.585977	584	0.296233	0.486000	0.512947	
469	0.795309	531	0.280603	5.785315	0	0.000000	1.585977	531	0.280603	0.522000	0.512954	
449	0.761693	551	0.288566	5.785315	0	0.000000	1.585977	551	0.288566	0.501000	0.512945	
456	0.800439	544	0.297794	5.785315	0	0.000000	1.585977	544	0.297794	0.527000	0.512956	
438	0.735160	562	0.281139	5.785315	0	0.000000	1.585977	562	0.281139	0.480000	0.512930	
431	0.809745	569	0.251318	5.785315	0	0.000000	1.585977	569	0.251318	0.492000	0.512914	
451	0.733925	549	0.282332	5.785315	0	0.000000	1.585977	549	0.282332	0.486000	0.512894	
422	0.767773	578	0.245675	5.785315	0	0.000000	1.585977	578	0.245675	0.466000	0.512858	
425	0.767059	575	0.257391	5.785315	0	0.000000	1.585977	575	0.257391	0.474000	0.512828	
483	0.772257	517	0.261122	5.785315	0	0.000000	1.585977	517	0.261122	0.508000	0.512824	
440	0.765909	560	0.275000	5.785315	0	0.000000	1.585977	560	0.275000	0.491000	0.512807	
421	0.817102	579	0.269430	5.785315	0	0.000000	1.585977	579	0.269430	0.500000	0.512798	
442	0.798643	558	0.304659	5.785315	0	0.000000	1.585977	558	0.304659	0.523000	0.512805	
442	0.796380	558	0.288530	5.785315	0	0.000000	1.585977	558	0.288530	0.513000	0.512806	
440	0.765909	560	0.246429	5.785315	0	0.000000	1.585977	560	0.246429	0.475000	0.512777	
420	0.773810	580	0.251724	5.785315	0	0.000000	1.585977	580	0.251724	0.471000	0.512745	
450	0.766667	550	0.261818	5.785315	0	0.000000	1.585977	550	0.261818	0.489000	0.512727	
418	0.758373	582	0.278351	5.785315	0	0.000000	1.585977	582	0.278351	0.479000	0.512701	
433	0.778291	567	0.282187	5.785315	0	0.000000	1.585977	567	0.282187	0.497000	0.512689	
435	0.717241	565	0.270796	5.785315	0	0.000000	1.585977	565	0.270796	0.465000	0.512653	
457	0.761488	543	0.278085	5.785315	0	0.000000	1.585977	543	0.278085	0.499000	0.512642	
433	0.720554	567	0.306878	5.785315	0	0.000000	1.585977	567	0.306878	0.486000	0.512622	
409	0.782396	591	0.241963	5.785315	0	0.000000	1.585977	591	0.241963	0.463000	0.512585	
451	0.791574	549	0.262295	5.785315	0	0.000000	1.585977	549	0.262295	0.501000	0.512576	
420	0.780952	580	0.286207	5.785315	0	0.000000	1.585977	580	0.286207	0.494000	0.512562	
406	0.790640	594	0.281145	5.785315	0	0.000000	1.585977	594	0.281145	0.488000	0.512543	
445	0.786517	555	0.270270	5.785315	0	0.000000	1.585977	555	0.270270	0.500000	0.512534	
450	0.775556	550	0.265455	5.785315	0	0.000000	1.585977	550	0.265455	0.495000	0.512520	
445	0.775281	555	0.308108	5.785315	0	0.000000	1.585977	555	0.308108	0.516000	0.512523	
466	0.766094	534	0.292135	5.785315	0	0.000000	1.585977	534	0.292135	0.513000	0.512523	
456	0.787281	544	0.321691	5.785315	0	0.000000	1.585977	544	0.321691	0.534000	0.512540	
445	0.822472	555	0.374775	5.785315	0	0.000000	1.585977	555	0.374775	0.574000	0.512586	
457	0.807440	543	0.290976	5.785315	0	0.000000	1.585977	543	0.290976	0.527000	0.512597	
437	0.791762	563	0.287744	5.785315	0	0.000000	1.585977	563	0.287744	0.508000	0.512593	
463	0.799136	537	0.268156	5.785315	0	0.000000	1.585977	537	0.268156	0.514000	0.512594	
418	0.787081	582	0.338488	5.785315	0	0.000000	1.585977	582	0.338488	0.526000	0.512604	
424	0.785377	576	0.256944	5.785315	0	0.000000	1.585977	576	0.256944	0.481000	0.512581	
415	0.766265	585	0.292308	5.785315	0	0.000000	1.585977	585	0.292308	0.489000	0.512563	
421	0.752969	579	0.253886	5.785315	0	0.000000	1.585977	579	0.253886	0.464000	0.512527	
429	0.787879	571	0.290718	5.785315	0	0.000000	1.585977	571	0.290718	0.504000	0.512520	
451	0.784922	549	0.291439	5.785315	0	0.000000	1.585977	549	0.291439	0.514000	0.512521	
441	0.800454	559	0.277281	5.785315	0	0.000000	1.585977	559	0.277281	0.508000	0.512518	
429	0.769231	571	0.266200	5.785315	0	0.000000	1.585977	571	0.266200	0.482000	0.512495	
447	0.762864	553	0.311031	5.785315	0	0.000000	1.585977	553	0.311031	0.513000	0.512496	
467	0.781585	533	0.279550	5.785315	0	0.000000	1.585977	533	0.279550	0.514000	0.512497	
453	0.801325	547	0.308958	5.785315	0	0.000000	1.585977	547	0.308958	0.532000	0.512511	
435	0.793103	565	0.306195	5.785315	0	0.000000	1.585977	565	0.306195	0.518000	0.512515	
440	0.761364	560	0.330357	5.785315	0	0.000000	1.585977	560	0.330357	0.520000	0.512521	
429	0.820513	571	0.290718	5.785315	0	0.000000	1.585977	571	0.290718	0.518000	0.512525	
448	0.738839	552	0.317029	5.785315	0	0.000000	1.585977	552	0.317029	0.506000	0.512520	
427	0.770492	573	0.317627	5.785315	0	0.000000	1.585977	573	0.317627	0.511000	0.512519	
458	0.786026	542	0.285978	5.785315	0	0.000000	1.585977	542	0.285978	0.515000	0.512521	
453	0.821192	547	0.308958	5.785315	0	0.000000	1.585977	547	0.308958	0.541000	0.512542	
434	0.785714	566	0.273852	5.785315	0	0.000000	1.585977	566	0.273852	0.496000	0.512530	
431	0.788863	569	0.314587	5.785315	0	0.000000	1.585977	569	0.314587	0.519000	0.512534	
444	0.774775	556	0.312950	5.785315	0	0.000000	1.585977	556	0.312950	0.518000	0.512538	
438	0.789954	562	0.320285	5.785315	0	0.000000	1.585977	562	0.320285	0.526000	0.512548	
429	0.806527	571	0.311734	5.785315	0	0.000000	1.585977	571	0.311734	0.524000	0.512557	
411	0.795620	589	0.283531	5.785315	0	0.000000	1.585977	589	0.283531	0.494000	0.512543	
442	0.816742	558	0.304659	5.785315	0	0.000000	1.585977	558	0.304659	0.531000	0.512557	
468	0.811966	532	0.306391	5.785315	0	0.000000	1.585977	532	0.306391	0.543000	0.512579	
447	0.762864	553	0.325497	5.785315	0	0.000000	1.585977	553	0.325497	0.521000	0.512585	
413	0.772397	587	0.333901	5.785315	0	0.000000	1.585977	587	0.333901	0.515000	0.512587	
453	0.783664	547	0.314442	5.785315	0	0.000000	1.585977	547	0.314442	0.527000	0.512598	
423	0.739953	577	0.273830	5.785315	0	0.000000	1.585977	577	0.273830	0.471000	0.512567	
419	0.806683	581	0.280551	5.785315	0	0.000000	1.585977	581	0.280551	0.501000	0.512559	
464	0.786638	536	0.324627	5.785315	0	0.000000	1.585977	536	0.324627	0.539000	0.512578	
443	0.790068	557	0.278276	5.785315	0	0.000000	1.585977	557	0.278276	0.505000	0.512573	
439	0.810934	561	0.322638	5.785315	0	0.000000	1.585977	561	0.322638	0.537000	0.512591	
413	0.784504	587	0.267462	5.785315	0	0.000000	1.585977	587	0.267462	0.481000	0.512567	
429	0.792541	571	0.285464	5.785315	0	0.000000	1.585977	571	0.285464	0.503000	0.512560	
436	0.779817	564	0.283688	5.785315	0	0.000000	1.585977	564	0.283688	0.500000	0.512551	
459	0.836601	541	0.316081	5.785315	0	0.000000	1.585977	541	0.316081	0.555000	0.512582	
425	0.795294	575	0.333913	5.785315	0	0.000000	1.585977	575	0.333913	0.530000	0.512595	
438	0.780822	562	0.266904	5.785315	0	0.000000	1.585977	562	0.266904	0.492000	0.512580	
452	0.800885	548	0.270073	5.785315	0	0.000000	1.585977	548	0.270073	0.510000	0.512578	
425	0.764706	575	0.264348	5.785315	0	0.000000	1.585977	575	0.264348	0.477000	0.512552	
438	0.778539	562	0.272242	5.785315	0	0.000000	1.585977	562	0.272242	0.494000	0.512539	
439	0.744875	561	0.278075	5.785315	0	0.000000	1.585977	561	0.278075	0.483000	0.512517	
469	0.799574	531	0.278719	5.785315	0	0.000000	1.585977	531	0.278719	0.523000	0.512525	
451	0.820399	549	0.278689	5.785315	0	0.000000	1.585977	549	0.278689	0.523000	0.512532	
434	0.741935	566	0.279152	5.785315	0	0.000000	1.585977	566	0.279152	0.480000	0.512509	
432	0.789352	568	0.327465	5.785315	0	0.000000	1.585977	568	0.327465	0.527000	0.512519	
428	0.806075	572	0.307692	5.785315	0	0.000000	1.585977	572	0.307692	0.521000	0.512525	
435	0.774713	565	0.295575	5.785315	0	0.000000	1.585977	565	0.295575	0.504000	0.512519	
456	0.793860	544	0.281250	5.785315	0	0.000000	1.585977	544	0.281250	0.515000	0.512521	
426	0.800469	574	0.310105	5.785315	0	0.000000	1.585977	574	0.310105	0.519000	0.512526	
418	0.775120	582	0.257732	5.785315	0	0.000000	1.585977	582	0.257732	0.474000	0.512498	
438	0.783105	562	0.320285	5.785315	0	0.000000	1.585977	562	0.320285	0.523000	0.512505	
451	0.784922	549	0.318761	5.785315	0	0.000000	1.585977	549	0.318761	0.529000	0.512517	
433	0.762125	567	0.283951	5.785315	0	0.000000	1.585977	567	0.283951	0.491000	0.512502	
482	0.755187	518	0.314672	5.785315	0	0.000000	1.585977	518	0.314672	0.527000	0.512512	
460	0.789130	540	0.301852	5.785315	0	0.000000	1.585977	540	0.301852	0.526000	0.512522	
441	0.798186	559	0.296959	5.785315	0	0.000000	1.585977	559	0.296959	0.518000	0.512526	
467	0.807281	533	0.303940	5.785315	0	0.000000	1.585977	533	0.303940	0.539000	0.512545	
480	0.785417	520	0.315385	5.785315	0	0.000000	1.585977	520	0.315385	0.541000	0.512565	
442	0.778281	558	0.290323	5.785315	0	0.000000	1.585977	558	0.290323	0.506000	0.512561	
445	0.820225	555	0.329730	5.785315	0	0.000000	1.585977	555	0.329730	0.548000	0.512586	
441	0.784580	559	0.329159	5.785315	0	0.000000	1.585977	559	0.329159	0.530000	0.512599	
420	0.790476	580	0.300000	5.785315	0	0.000000	1.585977	580	0.300000	0.506000	0.512594	
449	0.797327	551	0.317604	5.785315	0	0.000000	1.585977	551	0.317604	0.533000	0.512609	
426	0.814554	574	0.320557	5.785315	0	0.000000	1.585977	574	0.320557	0.531000	0.512622	
427	0.814988	573	0.270506	5.785315	0	0.000000	1.585977	573	0.270506	0.503000	0.512615	
417	0.817746	583	0.307033	5.785315	0	0.000000	1.585977	583	0.307033	0.520000	0.512620	
451	0.798226	549	0.315118	5.785315	0	0.000000	1.585977	549	0.315118	0.533000	0.512635	
496	0.812500	504	0.309524	5.785315	0	0.000000	1.585977	504	0.309524	0.559000	0.512668	
438	0.778539	562	0.325623	5.785315	0	0.000000	1.585977	562	0.325623	0.524000	0.512676	
466	0.791845	534	0.359551	5.785315	0	0.000000	1.585977	534	0.359551	0.561000	0.512710	
442	0.780543	558	0.297491	5.785315	0	0.000000	1.585977	558	0.297491	0.511000	0.512709	
461	0.813449	539	0.274583	5.785315	0	0.000000	1.585977	539	0.274583	0.523000	0.512716	
430	0.774419	570	0.319298	5.785315	0	0.000000	1.585977	570	0.319298	0.515000	0.512718	
434	0.813364	566	0.259717	5.785315	0	0.000000	1.585977	566	0.259717	0.500000	0.512709	
445	0.795506	555	0.268468	5.785315	0	0.000000	1.585977	555	0.268468	0.503000	0.512702	
446	0.811659	554	0.296029	5.785315	0	0.000000	1.585977	554	0.296029	0.526000	0.512711	
414	0.780193	586	0.300341	5.785315	0	0.000000	1.585977	586	0.300341	0.499000	0.512702	
467	0.790150	533	0.313321	5.785315	0	0.000000	1.585977	533	0.313321	0.536000	0.512718	
441	0.829932	559	0.284436	5.785315	0	0.000000	1.585977	559	0.284436	0.525000	0.512727	
462	0.809524	538	0.263941	5.785315	0	0.000000	1.585977	538	0.263941	0.516000	0.512729	
445	0.835955	555	0.293694	5.785315	0	0.000000	1.585977	555	0.293694	0.535000	0.512745	
433	0.803695	567	0.271605	5.785315	0	0.000000	1.585977	567	0.271605	0.502000	0.512737	
451	0.773836	549	0.293260	5.785315	0	0.000000	1.585977	549	0.293260	0.510000	0.512736	
430	0.772093	570	0.298246	5.785315	0	0.000000	1.585977	570	0.298246	0.502000	0.512728	
470	0.761702	530	0.298113	5.785315	0	0.000000	1.585977	530	0.298113	0.516000	0.512730	
447	0.818792	553	0.287523	5.785315	0	0.000000	1.585977	553	0.287523	0.525000	0.512739	
435	0.760920	565	0.288496	5.785315	0	0.000000	1.585977	565	0.288496	0.494000	0.512726	
449	0.801782	551	0.290381	5.785315	0	0.000000	1.585977	551	0.290381	0.520000	0.512731	
438	0.776256	562	0.311388	5.785315	0	0.000000	1.585977	562	0.311388	0.515000	0.512732	
402	0.778607	598	0.290970	5.785315	0	0.000000	1.585977	598	0.290970	0.487000	0.512714	
469	0.771855	531	0.269303	5.785315	0	0.000000	1.585977	531	0.269303	0.505000	0.512709	
436	0.807339	564	0.265957	5.785315	0	0.000000	1.585977	564	0.265957	0.502000	0.512701	
431	0.793503	569	0.314587	5.785315	0	0.000000	1.585977	569	0.314587	0.521000	0.512707	
454	0.788546	546	0.278388	5.785315	0	0.000000	1.585977	546	0.278388	0.510000	0.512705	
428	0.799065	572	0.241259	5.785315	0	0.000000	1.585977	572	0.241259	0.480000	0.512682	
423	0.775414	577	0.306759	5.785315	0	0.000000	1.585977	577	0.306759	0.505000	0.512677	
413	0.723971	587	0.231687	5.785315	0	0.000000	1.585977	587	0.231687	0.435000	0.512623	
463	0.753780	537	0.229050	5.785315	0	0.000000	1.585977	537	0.229050	0.472000	0.512594	
439	0.794989	561	0.244207	5.785315	0	0.000000	1.585977	561	0.244207	0.486000	0.512576	
472	0.771186	528	0.272727	5.785315	0	0.000000	1.585977	528	0.272727	0.508000	0.512573	
453	0.801325	547	0.297989	5.785315	0	0.000000	1.585977	547	0.297989	0.526000	0.512582	
419	0.801909	581	0.244406	5.785315	0	0.000000	1.585977	581	0.244406	0.478000	0.512558	
447	0.760626	553	0.307414	5.785315	0	0.000000	1.585977	553	0.307414	0.510000	0.512556	
427	0.779859	573	0.350785	5.785315	0	0.000000	1.585977	573	0.350785	0.534000	0.512571	
425	0.800000	575	0.320000	5.785315	0	0.000000	1.585977	575	0.320000	0.524000	0.512579	
441	0.748299	559	0.305903	5.785315	0	0.000000	1.585977	559	0.305903	0.501000	0.512571	
485	0.826804	515	0.277670	5.785315	0	0.000000	1.585977	515	0.277670	0.544000	0.512593	
457	0.798687	543	0.292818	5.785315	0	0.000000	1.585977	543	0.292818	0.524000	0.512601	
413	0.801453	587	0.286201	5.785315	0	0.000000	1.585977	587	0.286201	0.499000	0.512591	
460	0.819565	540	0.331481	5.785315	0	0.000000	1.585977	540	0.331481	0.556000	0.512621	
431	0.788863	569	0.340949	5.785315	0	0.000000	1.585977	569	0.340949	0.534000	0.512636	
484	0.845041	516	0.302326	5.785315	0	0.000000	1.585977	516	0.302326	0.565000	0.512672	
437	0.766590	563	0.325044	5.785315	0	0.000000	1.585977	563	0.325044	0.518000	0.512676	
456	0.839912	544	0.338235	5.785315	0	0.000000	1.585977	544	0.338235	0.567000	0.512714	
451	0.824834	549	0.296903	5.785315	0	0.000000	1.585977	549	0.296903	0.535000	0.512729	
439	0.826879	561	0.320856	5.785315	0	0.000000	1.585977	561	0.320856	0.543000	0.512750	
440	0.802273	560	0.335714	5.785315	0	0.000000	1.585977	560	0.335714	0.541000	0.512769	
427	0.777518	573	0.258290	5.785315	0	0.000000	1.585977	573	0.258290	0.480000	0.512747	
470	0.808511	530	0.305660	5.785315	0	0.000000	1.585977	530	0.305660	0.542000	0.512767	
465	0.776344	535	0.269159	5.785315	0	0.000000	1.585977	535	0.269159	0.505000	0.512762	
492	0.819106	508	0.316929	5.785315	0	0.000000	1.585977	508	0.316929	0.564000	0.512797	
435	0.783908	565	0.322124	5.785315	0	0.000000	1.585977	565	0.322124	0.523000	0.512804	
459	0.795207	541	0.301294	5.785315	0	0.000000	1.585977	541	0.301294	0.528000	0.512814	
448	0.812500	552	0.309783	5.785315	0	0.000000	1.585977	552	0.309783	0.535000	0.512829	
455	0.780220	545	0.289908	5.785315	0	0.000000	1.585977	545	0.289908	0.513000	0.512830	
453	0.783664	547	0.321755	5.785315	0	0.000000	1.585977	547	0.321755	0.531000	0.512842	
454	0.828194	546	0.289377	5.785315	0	0.000000	1.585977	546	0.289377	0.534000	0.512856	
474	0.829114	526	0.260456	5.785315	0	0.000000	1.585977	526	0.260456	0.530000	0.512868	
427	0.791569	573	0.277487	5.785315	0	0.000000	1.585977	573	0.277487	0.497000	0.512857	
413	0.796610	587	0.272572	5.785315	0	0.000000	1.585977	587	0.272572	0.489000	0.512841	
461	0.813449	539	0.293135	5.785315	0	0.000000	1.585977	539	0.293135	0.533000	0.512855	
480	0.835417	520	0.273077	5.785315	0	0.000000	1.585977	520	0.273077	0.543000	0.512875	
435	0.832184	565	0.267257	5.785315	0	0.000000	1.585977	565	0.267257	0.513000	0.512876	
465	0.825806	535	0.278505	5.785315	0	0.000000	1.585977	535	0.278505	0.533000	0.512889	
436	0.795872	564	0.267730	5.785315	0	0.000000	1.585977	564	0.267730	0.498000	0.512879	
470	0.774468	530	0.294340	5.785315	0	0.000000	1.585977	530	0.294340	0.520000	0.512884	
417	0.745803	583	0.291595	5.785315	0	0.000000	1.585977	583	0.291595	0.481000	0.512862	
466	0.768240	534	0.320225	5.785315	0	0.000000	1.585977	534	0.320225	0.529000	0.512873	
476	0.813025	524	0.238550	5.785315	0	0.000000	1.585977	524	0.238550	0.512000	0.512873	
403	0.766749	597	0.268007	5.785315	0	0.000000	1.585977	597	0.268007	0.469000	0.512843	
435	0.790805	565	0.230088	5.785315	0	0.000000	1.585977	565	0.230088	0.474000	0.512816	
452	0.792035	548	0.250000	5.785315	0	0.000000	1.585977	548	0.250000	0.495000	0.512804	
482	0.769710	518	0.254826	5.785315	0	0.000000	1.585977	518	0.254826	0.503000	0.512798	
448	0.770089	552	0.293478	5.785315	0	0.000000	1.585977	552	0.293478	0.507000	0.512794	
450	0.777778	550	0.241818	5.785315	0	0.000000	1.585977	550	0.241818	0.483000	0.512774	
465	0.819355	535	0.274766	5.785315	0	0.000000	1.585977	535	0.274766	0.528000	0.512784	
474	0.797468	526	0.237643	5.785315	0	0.000000	1.585977	526	0.237643	0.503000	0.512777	
444	0.765766	556	0.293165	5.785315	0	0.000000	1.585977	556	0.293165	0.503000	0.512771	
462	0.764069	538	0.271375	5.785315	0	0.000000	1.585977	538	0.271375	0.499000	0.512761	
463	0.805616	537	0.335196	5.785315	0	0.000000	1.585977	537	0.335196	0.553000	0.512789	
442	0.760181	558	0.275986	5.785315	0	0.000000	1.585977	558	0.275986	0.490000	0.512773	
485	0.787629	515	0.269903	5.785315	0	0.000000	1.585977	515	0.269903	0.521000	0.512779	
436	0.779817	564	0.258865	5.785315	0	0.000000	1.585977	564	0.258865	0.486000	0.512761	
445	0.777528	555	0.371171	5.785315	0	0.000000	1.585977	555	0.371171	0.552000	0.512787	
451	0.796009	549	0.315118	5.785315	0	0.000000	1.585977	549	0.315118	0.532000	0.512800	
429	0.815851	571	0.311734	5.785315	0	0.000000	1.585977	571	0.311734	0.528000	0.512810	
450	0.780000	550	0.261818	5.785315	0	0.000000	1.585977	550	0.261818	0.495000	0.512798	
429	0.787879	571	0.264448	5.785315	0	0.000000	1.585977	571	0.264448	0.489000	0.512782	
455	0.797802	545	0.326606	5.785315	0	0.000000	1.585977	545	0.326606	0.541000	0.512801	
435	0.813793	565	0.336283	5.785315	0	0.000000	1.585977	565	0.336283	0.544000	0.512822	
460	0.817391	540	0.303704	5.785315	0	0.000000	1.585977	540	0.303704	0.540000	0.512840	
455	0.819780	545	0.300917	5.785315	0	0.000000	1.585977	545	0.300917	0.537000	0.512857	
466	0.796137	534	0.297753	5.785315	0	0.000000	1.585977	534	0.297753	0.530000	0.512868	
445	0.813483	555	0.304505	5.785315	0	0.000000	1.585977	555	0.304505	0.531000	0.512880	
451	0.807095	549	0.326047	5.785315	0	0.000000	1.585977	549	0.326047	0.543000	0.512900	
424	0.813679	576	0.279514	5.785315	0	0.000000	1.585977	576	0.279514	0.506000	0.512896	
441	0.746032	559	0.307692	5.785315	0	0.000000	1.585977	559	0.307692	0.501000	0.512888	
452	0.730088	548	0.264599	5.785315	0	0.000000	1.585977	548	0.264599	0.475000	0.512862	
446	0.804933	554	0.314079	5.785315	0	0.000000	1.585977	554	0.314079	0.533000	0.512876	
458	0.779476	542	0.273063	5.785315	0	0.000000	1.585977	542	0.273063	0.505000	0.512871	
474	0.808017	526	0.306084	5.785315	0	0.000000	1.585977	526	0.306084	0.544000	0.512891	
422	0.817536	578	0.307958	5.785315	0	0.000000	1.585977	578	0.307958	0.523000	0.512898	
466	0.798283	534	0.316479	5.785315	0	0.000000	1.585977	534	0.316479	0.541000	0.512917	
452	0.827434	548	0.297445	5.785315	0	0.000000	1.585977	548	0.297445	0.537000	0.512933	
451	0.793792	549	0.289617	5.785315	0	0.000000	1.585977	549	0.289617	0.517000	0.512935	
414	0.785024	586	0.320819	5.785315	0	0.000000	1.585977	586	0.320819	0.513000	0.512935	
433	0.794457	567	0.305115	5.785315	0	0.000000	1.585977	567	0.305115	0.517000	0.512938	
464	0.810345	536	0.309701	5.785315	0	0.000000	1.585977	536	0.309701	0.542000	0.512957	
457	0.840263	543	0.325967	5.785315	0	0.000000	1.585977	543	0.325967	0.561000	0.512989	
487	0.813142	513	0.304094	5.785315	0	0.000000	1.585977	513	0.304094	0.552000	0.513015	
442	0.848416	558	0.313620	5.785315	0	0.000000	1.585977	558	0.313620	0.550000	0.513039	
462	0.755411	538	0.306691	5.785315	0	0.000000	1.585977	538	0.306691	0.514000	0.513040	
449	0.806236	551	0.355717	5.785315	0	0.000000	1.585977	551	0.355717	0.558000	0.513070	
445	0.817978	555	0.351351	5.785315	0	0.000000	1.585977	555	0.351351	0.559000	0.513100	
421	0.781473	579	0.314335	5.785315	0	0.000000	1.585977	579	0.314335	0.511000	0.513098	
432	0.782407	568	0.285211	5.785315	0	0.000000	1.585977	568	0.285211	0.500000	0.513090	
438	0.837900	562	0.320285	5.785315	0	0.000000	1.585977	562	0.320285	0.547000	0.513112	
463	0.788337	537	0.296089	5.785315	0	0.000000	1.585977	537	0.296089	0.524000	0.513119	
460	0.804348	540	0.314815	5.785315	0	0.000000	1.585977	540	0.314815	0.540000	0.513137	
443	0.792325	557	0.289048	5.785315	0	0.000000	1.585977	557	0.289048	0.512000	0.513136	
451	0.758315	549	0.327869	5.785315	0	0.000000	1.585977	549	0.327869	0.522000	0.513142	
444	0.801802	556	0.289568	5.785315	0	0.000000	1.585977	556	0.289568	0.517000	0.513145	
420	0.807143	580	0.291379	5.785315	0	0.000000	1.585977	580	0.291379	0.508000	0.513141	
416	0.783654	584	0.306507	5.785315	0	0.000000	1.585977	584	0.306507	0.505000	0.513136	
454	0.806167	546	0.329670	5.785315	0	0.000000	1.585977	546	0.329670	0.546000	0.513157	
457	0.765864	543	0.255985	5.785315	0	0.000000	1.585977	543	0.255985	0.489000	0.513142	
411	0.793187	589	0.280136	5.785315	0	0.000000	1.585977	589	0.280136	0.491000	0.513127	
460	0.791304	540	0.270370	5.785315	0	0.000000	1.585977	540	0.270370	0.510000	0.513125	
461	0.813449	539	0.269017	5.785315	0	0.000000	1.585977	539	0.269017	0.520000	0.513130	
458	0.779476	542	0.274908	5.785315	0	0.000000	1.585977	542	0.274908	0.506000	0.513125	
445	0.788764	555	0.261261	5.785315	0	0.000000	1.585977	555	0.261261	0.496000	0.513114	
451	0.780488	549	0.287796	5.785315	0	0.000000	1.585977	549	0.287796	0.510000	0.513112	
439	0.799544	561	0.256684	5.785315	0	0.000000	1.585977	561	0.256684	0.495000	0.513100	
426	0.765258	574	0.283972	5.785315	0	0.000000	1.585977	574	0.283972	0.489000	0.513084	
443	0.810384	557	0.299820	5.785315	0	0.000000	1.585977	557	0.299820	0.526000	0.513093	
442	0.769231	558	0.281362	5.785315	0	0.000000	1.585977	558	0.281362	0.497000	0.513082	
448	0.799107	552	0.273551	5.785315	0	0.000000	1.585977	552	0.273551	0.509000	0.513080	
429	0.780886	571	0.264448	5.785315	0	0.000000	1.585977	571	0.264448	0.486000	0.513062	
463	0.753780	537	0.301676	5.785315	0	0.000000	1.585977	537	0.301676	0.511000	0.513061	
456	0.802632	544	0.349265	5.785315	0	0.000000	1.585977	544	0.349265	0.556000	0.513088	
448	0.765625	552	0.278986	5.785315	0	0.000000	1.585977	552	0.278986	0.497000	0.513078	
425	0.762353	575	0.262609	5.785315	0	0.000000	1.585977	575	0.262609	0.475000	0.513053	
458	0.753275	542	0.230627	5.785315	0	0.000000	1.585977	542	0.230627	0.470000	0.513026	
437	0.771167	563	0.261101	5.785315	0	0.000000	1.585977	563	0.261101	0.484000	0.513007	
446	0.784753	554	0.229242	5.785315	0	0.000000	1.585977	554	0.229242	0.477000	0.512984	
446	0.726457	554	0.236462	5.785315	0	0.000000	1.585977	554	0.236462	0.455000	0.512946	
459	0.779956	541	0.284658	5.785315	0	0.000000	1.585977	541	0.284658	0.512000	0.512945	
438	0.783105	562	0.295374	5.785315	0	0.000000	1.585977	562	0.295374	0.509000	0.512943	
425	0.769412	575	0.241739	5.785315	0	0.000000	1.585977	575	0.241739	0.466000	0.512913	
454	0.753304	546	0.271062	5.785315	0	0.000000	1.585977	546	0.271062	0.490000	0.512898	
429	0.785548	571	0.287215	5.785315	0	0.000000	1.585977	571	0.287215	0.501000	0.512890	
438	0.787671	562	0.282918	5.785315	0	0.000000	1.585977	562	0.282918	0.504000	0.512885	
446	0.804933	554	0.303249	5.785315	0	0.000000	1.585977	554	0.303249	0.527000	0.512894	
443	0.835214	557	0.303411	5.785315	0	0.000000	1.585977	557	0.303411	0.539000	0.512910	
442	0.780543	558	0.344086	5.785315	0	0.000000	1.585977	558	0.344086	0.537000	0.512926	
422	0.774882	578	0.299308	5.785315	0	0.000000	1.585977	578	0.299308	0.500000	0.512918	
437	0.784897	563	0.289520	5.785315	0	0.000000	1.585977	563	0.289520	0.506000	0.512913	
440	0.779545	560	0.275000	5.785315	0	0.000000	1.585977	560	0.275000	0.497000	0.512903	
447	0.796421	553	0.296564	5.785315	0	0.000000	1.585977	553	0.296564	0.520000	0.512907	
416	0.778846	584	0.318493	5.785315	0	0.000000	1.585977	584	0.318493	0.510000	0.512906	
446	0.818386	554	0.305054	5.785315	0	0.000000	1.585977	554	0.305054	0.534000	0.512919	
446	0.782511	554	0.274368	5.785315	0	0.000000	1.585977	554	0.274368	0.501000	0.512911	
443	0.756208	557	0.312388	5.785315	0	0.000000	1.585977	557	0.312388	0.509000	0.512909	
433	0.773672	567	0.271605	5.785315	0	0.000000	1.585977	567	0.271605	0.489000	0.512894	
447	0.780761	553	0.294756	5.785315	0	0.000000	1.585977	553	0.294756	0.512000	0.512893	
466	0.791845	534	0.292135	5.785315	0	0.000000	1.585977	534	0.292135	0.525000	0.512901	
452	0.765487	548	0.277372	5.785315	0	0.000000	1.585977	548	0.277372	0.498000	0.512891	
449	0.746102	551	0.241379	5.785315	0	0.000000	1.585977	551	0.241379	0.468000	0.512863	
380	0.747368	620	0.267742	5.785315	0	0.000000	1.585977	620	0.267742	0.450000	0.512823	
450	0.764444	550	0.283636	5.785315	0	0.000000	1.585977	550	0.283636	0.500000	0.512815	
427	0.772834	573	0.267016	5.785315	0	0.000000	1.585977	573	0.267016	0.483000	0.512796	
432	0.763889	568	0.278169	5.785315	0	0.000000	1.585977	568	0.278169	0.488000	0.512780	
450	0.768889	550	0.301818	5.785315	0	0.000000	1.585977	550	0.301818	0.512000	0.512779	
450	0.768889	550	0.292727	5.785315	0	0.000000	1.585977	550	0.292727	0.507000	0.512776	
425	0.788235	575	0.286957	5.785315	0	0.000000	1.585977	575	0.286957	0.500000	0.512768	
405	0.785185	595	0.250420	5.785315	0	0.000000	1.585977	595	0.250420	0.467000	0.512739	
441	0.746032	559	0.273703	5.785315	0	0.000000	1.585977	559	0.273703	0.482000	0.512719	
435	0.788506	565	0.279646	5.785315	0	0.000000	1.585977	565	0.279646	0.501000	0.512712	
464	0.806034	536	0.287313	5.785315	0	0.000000	1.585977	536	0.287313	0.528000	0.512722	
430	0.816279	570	0.277193	5.785315	0	0.000000	1.585977	570	0.277193	0.509000	0.512719	
453	0.754967	547	0.252285	5.785315	0	0.000000	1.585977	547	0.252285	0.480000	0.512699	
436	0.761468	564	0.239362	5.785315	0	0.000000	1.585977	564	0.239362	0.467000	0.512670	
448	0.758929	552	0.266304	5.785315	0	0.000000	1.585977	552	0.266304	0.487000	0.512654	
447	0.738255	553	0.244123	5.785315	0	0.000000	1.585977	553	0.244123	0.465000	0.512623	
444	0.711712	556	0.287770	5.785315	0	0.000000	1.585977	556	0.287770	0.476000	0.512600	
442	0.814480	558	0.245520	5.785315	0	0.000000	1.585977	558	0.245520	0.497000	0.512591	
449	0.761693	551	0.252269	5.785315	0	0.000000	1.585977	551	0.252269	0.481000	0.512571	
469	0.778252	531	0.288136	5.785315	0	0.000000	1.585977	531	0.288136	0.518000	0.512574	
399	0.769424	601	0.296173	5.785315	0	0.000000	1.585977	601	0.296173	0.485000	0.512557	
433	0.785219	567	0.268078	5.785315	0	0.000000	1.585977	567	0.268078	0.492000	0.512544	
429	0.825175	571	0.280210	5.785315	0	0.000000	1.585977	571	0.280210	0.514000	0.512545	
416	0.798077	584	0.291096	5.785315	0	0.000000	1.585977	584	0.291096	0.502000	0.512538	
428	0.778037	572	0.309441	5.785315	0	0.000000	1.585977	572	0.309441	0.510000	0.512537	
453	0.704194	547	0.254113	5.785315	0	0.000000	1.585977	547	0.254113	0.458000	0.512502	
446	0.739910	554	0.247292	5.785315	0	0.000000	1.585977	554	0.247292	0.467000	0.512474	
449	0.743875	551	0.252269	5.785315	0	0.000000	1.585977	551	0.252269	0.473000	0.512449	
467	0.796574	533	0.287054	5.785315	0	0.000000	1.585977	533	0.287054	0.525000	0.512457	
461	0.789588	539	0.226345	5.785315	0	0.000000	1.585977	539	0.226345	0.486000	0.512441	
444	0.734234	556	0.258993	5.785315	0	0.000000	1.585977	556	0.258993	0.470000	0.512414	
428	0.803738	572	0.265734	5.785315	0	0.000000	1.585977	572	0.265734	0.496000	0.512404	
440	0.775000	560	0.271429	5.785315	0	0.000000	1.585977	560	0.271429	0.493000	0.512392	
427	0.789227	573	0.242583	5.785315	0	0.000000	1.585977	573	0.242583	0.476000	0.512369	
438	0.815068	562	0.258007	5.785315	0	0.000000	1.585977	562	0.258007	0.502000	0.512363	
446	0.769058	554	0.276173	5.785315	0	0.000000	1.585977	554	0.276173	0.496000	0.512353	
412	0.781553	588	0.287415	5.785315	0	0.000000	1.585977	588	0.287415	0.491000	0.512339	
405	0.723457	595	0.285714	5.785315	0	0.000000	1.585977	595	0.285714	0.463000	0.512309	
440	0.761364	560	0.262500	5.785315	0	0.000000	1.585977	560	0.262500	0.482000	0.512290	
450	0.757778	550	0.209091	5.785315	0	0.000000	1.585977	550	0.209091	0.456000	0.512255	
433	0.750577	567	0.280423	5.785315	0	0.000000	1.585977	567	0.280423	0.484000	0.512237	
469	0.799574	531	0.271186	5.785315	0	0.000000	1.585977	531	0.271186	0.519000	0.512241	
470	0.795745	530	0.249057	5.785315	0	0.000000	1.585977	530	0.249057	0.506000	0.512238	
437	0.764302	563	0.312611	5.785315	0	0.000000	1.585977	563	0.312611	0.510000	0.512236	
413	0.777240	587	0.315162	5.785315	0	0.000000	1.585977	587	0.315162	0.506000	0.512232	
446	0.811659	554	0.281588	5.785315	0	0.000000	1.585977	554	0.281588	0.518000	0.512236	
427	0.798595	573	0.256545	5.785315	0	0.000000	1.585977	573	0.256545	0.488000	0.512221	
440	0.809091	560	0.282143	5.785315	0	0.000000	1.585977	560	0.282143	0.514000	0.512222	
424	0.808962	576	0.286458	5.785315	0	0.000000	1.585977	576	0.286458	0.508000	0.512219	
409	0.833741	591	0.292724	5.785315	0	0.000000	1.585977	591	0.292724	0.514000	0.512221	
460	0.791304	540	0.324074	5.785315	0	0.000000	1.585977	540	0.324074	0.539000	0.512237	
447	0.794183	553	0.236890	5.785315	0	0.000000	1.585977	553	0.236890	0.486000	0.512221	
410	0.795122	590	0.286441	5.785315	0	0.000000	1.585977	590	0.286441	0.495000	0.512210	
442	0.828054	558	0.297491	5.785315	0	0.000000	1.585977	558	0.297491	0.532000	0.512222	
466	0.817597	534	0.290262	5.785315	0	0.000000	1.585977	534	0.290262	0.536000	0.512237	
465	0.795699	535	0.297196	5.785315	0	0.000000	1.585977	535	0.297196	0.529000	0.512247	
442	0.794118	558	0.288530	5.785315	0	0.000000	1.585977	558	0.288530	0.512000	0.512247	
414	0.792271	586	0.262799	5.785315	0	0.000000	1.585977	586	0.262799	0.482000	0.512229	
453	0.785872	547	0.261426	5.785315	0	0.000000	1.585977	547	0.261426	0.499000	0.512221	
451	0.773836	549	0.307832	5.785315	0	0.000000	1.585977	549	0.307832	0.518000	0.512224	
454	0.834802	546	0.274725	5.785315	0	0.000000	1.585977	546	0.274725	0.529000	0.512234	
458	0.823144	542	0.337638	5.785315	0	0.000000	1.585977	542	0.337638	0.560000	0.512264	
416	0.781250	584	0.330479	5.785315	0	0.000000	1.585977	584	0.330479	0.518000	0.512267	
450	0.824444	550	0.272727	5.785315	0	0.000000	1.585977	550	0.272727	0.521000	0.512272	
469	0.756930	531	0.295669	5.785315	0	0.000000	1.585977	531	0.295669	0.512000	0.512272	
434	0.794931	566	0.282686	5.785315	0	0.000000	1.585977	566	0.282686	0.505000	0.512268	
475	0.753684	525	0.280000	5.785315	0	0.000000	1.585977	525	0.280000	0.505000	0.512263	
456	0.785088	544	0.338235	5.785315	0	0.000000	1.585977	544	0.338235	0.542000	0.512282	
470	0.806383	530	0.288679	5.785315	0	0.000000	1.585977	530	0.288679	0.532000	0.512294	
407	0.825553	593	0.284992	5.785315	0	0.000000	1.585977	593	0.284992	0.505000	0.512289	
443	0.794582	557	0.271095	5.785315	0	0.000000	1.585977	557	0.271095	0.503000	0.512283	
451	0.778271	549	0.296903	5.785315	0	0.000000	1.585977	549	0.296903	0.514000	0.512285	
463	0.816415	537	0.283054	5.785315	0	0.000000	1.585977	537	0.283054	0.530000	0.512295	
443	0.821670	557	0.283662	5.785315	0	0.000000	1.585977	557	0.283662	0.522000	0.512301	
454	0.788546	546	0.338828	5.785315	0	0.000000	1.585977	546	0.338828	0.543000	0.512320	
465	0.778495	535	0.314019	5.785315	0	0.000000	1.585977	535	0.314019	0.530000	0.512331	
440	0.804545	560	0.287500	5.785315	0	0.000000	1.585977	560	0.287500	0.515000	0.512332	
439	0.797267	561	0.263815	5.785315	0	0.000000	1.585977	561	0.263815	0.498000	0.512324	
450	0.806667	550	0.327273	5.785315	0	0.000000	1.585977	550	0.327273	0.543000	0.512342	
470	0.780851	530	0.266038	5.785315	0	0.000000	1.585977	530	0.266038	0.508000	0.512339	
435	0.832184	565	0.300885	5.785315	0	0.000000	1.585977	565	0.300885	0.532000	0.512351	
453	0.807947	547	0.336380	5.785315	0	0.000000	1.585977	547	0.336380	0.550000	0.512374	
482	0.811203	518	0.299228	5.785315	0	0.000000	1.585977	518	0.299228	0.546000	0.512394	
466	0.791845	534	0.310861	5.785315	0	0.000000	1.585977	534	0.310861	0.535000	0.512408	
424	0.808962	576	0.317708	5.785315	0	0.000000	1.585977	576	0.317708	0.526000	0.512416	
437	0.816934	563	0.310835	5.785315	0	0.000000	1.585977	563	0.310835	0.532000	0.512428	
421	0.771971	579	0.252159	5.785315	0	0.000000	1.585977	579	0.252159	0.471000	0.512403	
459	0.812636	541	0.284658	5.785315	0	0.000000	1.585977	541	0.284658	0.527000	0.512412	
451	0.796009	549	0.282332	5.785315	0	0.000000	1.585977	549	0.282332	0.514000	0.512413	
425	0.741176	575	0.253913	5.785315	0	0.000000	1.585977	575	0.253913	0.461000	0.512382	
454	0.834802	546	0.293040	5.785315	0	0.000000	1.585977	546	0.293040	0.539000	0.512398	
456	0.800439	544	0.275735	5.785315	0	0.000000	1.585977	544	0.275735	0.515000	0.512400	
436	0.811927	564	0.292553	5.785315	0	0.000000	1.585977	564	0.292553	0.519000	0.512404	
445	0.806742	555	0.272072	5.785315	0	0.000000	1.585977	555	0.272072	0.510000	0.512402	
426	0.776995	574	0.311847	5.785315	0	0.000000	1.585977	574	0.311847	0.510000	0.512401	
461	0.813449	539	0.270872	5.785315	0	0.000000	1.585977	539	0.270872	0.521000	0.512406	
460	0.804348	540	0.288889	5.785315	0	0.000000	1.585977	540	0.288889	0.526000	0.512414	
448	0.828125	552	0.304348	5.785315	0	0.000000	1.585977	552	0.304348	0.539000	0.512430	
463	0.801296	537	0.316574	5.785315	0	0.000000	1.585977	537	0.316574	0.541000	0.512447	
478	0.790795	522	0.335249	5.785315	0	0.000000	1.585977	522	0.335249	0.553000	0.512471	
423	0.817967	577	0.339688	5.785315	0	0.000000	1.585977	577	0.339688	0.542000	0.512489	
448	0.781250	552	0.297101	5.785315	0	0.000000	1.585977	552	0.297101	0.514000	0.512490	
445	0.806742	555	0.299099	5.785315	0	0.000000	1.585977	555	0.299099	0.525000	0.512497	
416	0.822115	584	0.315068	5.785315	0	0.000000	1.585977	584	0.315068	0.526000	0.512505	
447	0.794183	553	0.341772	5.785315	0	0.000000	1.585977	553	0.341772	0.544000	0.512524	
445	0.840449	555	0.295495	5.785315	0	0.000000	1.585977	555	0.295495	0.538000	0.512539	
422	0.774882	578	0.276817	5.785315	0	0.000000	1.585977	578	0.276817	0.487000	0.512524	
436	0.818807	564	0.303191	5.785315	0	0.000000	1.585977	564	0.303191	0.528000	0.512533	
459	0.808279	541	0.341959	5.785315	0	0.000000	1.585977	541	0.341959	0.556000	0.512559	
497	0.810865	503	0.288270	5.785315	0	0.000000	1.585977	503	0.288270	0.548000	0.512580	
426	0.795775	574	0.304878	5.785315	0	0.000000	1.585977	574	0.304878	0.514000	0.512581	
430	0.793023	570	0.326316	5.785315	0	0.000000	1.585977	570	0.326316	0.527000	0.512590	
461	0.809111	539	0.287570	5.785315	0	0.000000	1.585977	539	0.287570	0.528000	0.512599	
455	0.795604	545	0.273394	5.785315	0	0.000000	1.585977	545	0.273394	0.511000	0.512598	
468	0.769231	532	0.268797	5.785315	0	0.000000	1.585977	532	0.268797	0.503000	0.512592	
457	0.792123	543	0.257827	5.785315	0	0.000000	1.585977	543	0.257827	0.502000	0.512586	
468	0.775641	532	0.248120	5.785315	0	0.000000	1.585977	532	0.248120	0.495000	0.512576	
487	0.761807	513	0.296296	5.785315	0	0.000000	1.585977	513	0.296296	0.523000	0.512582	
459	0.795207	541	0.247689	5.785315	0	0.000000	1.585977	541	0.247689	0.499000	0.512574	
406	0.798030	594	0.264310	5.785315	0	0.000000	1.585977	594	0.264310	0.481000	0.512555	
482	0.823651	518	0.258687	5.785315	0	0.000000	1.585977	518	0.258687	0.531000	0.512566	
422	0.817536	578	0.323529	5.785315	0	0.000000	1.585977	578	0.323529	0.532000	0.512577	
456	0.780702	544	0.288603	5.785315	0	0.000000	1.585977	544	0.288603	0.513000	0.512578	
448	0.792411	552	0.317029	5.785315	0	0.000000	1.585977	552	0.317029	0.530000	0.512588	
458	0.820961	542	0.306273	5.785315	0	0.000000	1.585977	542	0.306273	0.542000	0.512605	
463	0.762419	537	0.307263	5.785315	0	0.000000	1.585977	537	0.307263	0.518000	0.512608	
456	0.789474	544	0.281250	5.785315	0	0.000000	1.585977	544	0.281250	0.513000	0.512609	
460	0.797826	540	0.314815	5.785315	0	0.000000	1.585977	540	0.314815	0.537000	0.512623	
454	0.825991	546	0.285714	5.785315	0	0.000000	1.585977	546	0.285714	0.531000	0.512634	
432	0.812500	568	0.281690	5.785315	0	0.000000	1.585977	568	0.281690	0.511000	0.512633	
451	0.815965	549	0.329690	5.785315	0	0.000000	1.585977	549	0.329690	0.549000	0.512654	
462	0.792208	538	0.325279	5.785315	0	0.000000	1.585977	538	0.325279	0.541000	0.512671	
445	0.808989	555	0.317117	5.785315	0	0.000000	1.585977	555	0.317117	0.536000	0.512685	
431	0.788863	569	0.316344	5.785315	0	0.000000	1.585977	569	0.316344	0.520000	0.512689	
453	0.761589	547	0.299817	5.785315	0	0.000000	1.585977	547	0.299817	0.509000	0.512687	
436	0.724771	564	0.248227	5.785315	0	0.000000	1.585977	564	0.248227	0.456000	0.512653	
445	0.768539	555	0.302703	5.785315	0	0.000000	1.585977	555	0.302703	0.510000	0.512652	
467	0.762313	533	0.313321	5.785315	0	0.000000	1.585977	533	0.313321	0.523000	0.512658	
456	0.776316	544	0.294118	5.785315	0	0.000000	1.585977	544	0.294118	0.514000	0.512659	
404	0.759901	596	0.273490	5.785315	0	0.000000	1.585977	596	0.273490	0.470000	0.512634	
421	0.771971	579	0.291883	5.785315	0	0.000000	1.585977	579	0.291883	0.494000	0.512623	
458	0.816594	542	0.295203	5.785315	0	0.000000	1.585977	542	0.295203	0.534000	0.512635	
438	0.787671	562	0.313167	5.785315	0	0.000000	1.585977	562	0.313167	0.521000	0.512640	
475	0.802105	525	0.289524	5.785315	0	0.000000	1.585977	525	0.289524	0.533000	0.512652	
473	0.769556	527	0.288425	5.785315	0	0.000000	1.585977	527	0.288425	0.516000	0.512654	
444	0.801802	556	0.273381	5.785315	0	0.000000	1.585977	556	0.273381	0.508000	0.512651	
427	0.765808	573	0.254799	5.785315	0	0.000000	1.585977	573	0.254799	0.473000	0.512628	
437	0.759725	563	0.277087	5.785315	0	0.000000	1.585977	563	0.277087	0.488000	0.512614	
458	0.790393	542	0.289668	5.785315	0	0.000000	1.585977	542	0.289668	0.519000	0.512618	
425	0.783529	575	0.302609	5.785315	0	0.000000	1.585977	575	0.302609	0.507000	0.512614	
437	0.778032	563	0.245115	5.785315	0	0.000000	1.585977	563	0.245115	0.478000	0.512594	
493	0.787018	507	0.301775	5.785315	0	0.000000	1.585977	507	0.301775	0.541000	0.512611	
462	0.839827	538	0.317844	5.785315	0	0.000000	1.585977	538	0.317844	0.559000	0.512638	
446	0.807175	554	0.308664	5.785315	0	0.000000	1.585977	554	0.308664	0.531000	0.512648	
417	0.812950	583	0.315609	5.785315	0	0.000000	1.585977	583	0.315609	0.523000	0.512654	
411	0.839416	589	0.290323	5.785315	0	0.000000	1.585977	589	0.290323	0.516000	0.512656	
452	0.794248	548	0.281022	5.785315	0	0.000000	1.585977	548	0.281022	0.513000	0.512657	
439	0.820046	561	0.301248	5.785315	0	0.000000	1.585977	561	0.301248	0.529000	0.512666	
484	0.780992	516	0.300388	5.785315	0	0.000000	1.585977	516	0.300388	0.533000	0.512678	
452	0.823009	548	0.270073	5.785315	0	0.000000	1.585977	548	0.270073	0.520000	0.512682	
439	0.760820	561	0.294118	5.785315	0	0.000000	1.585977	561	0.294118	0.499000	0.512674	
482	0.780083	518	0.279923	5.785315	0	0.000000	1.585977	518	0.279923	0.521000	0.512679	
457	0.809628	543	0.254144	5.785315	0	0.000000	1.585977	543	0.254144	0.508000	0.512676	
468	0.784188	532	0.323308	5.785315	0	0.000000	1.585977	532	0.323308	0.539000	0.512691	
428	0.773364	572	0.293706	5.785315	0	0.000000	1.585977	572	0.293706	0.499000	0.512683	
488	0.815574	512	0.285156	5.785315	0	0.000000	1.585977	512	0.285156	0.544000	0.512701	
467	0.802998	533	0.270169	5.785315	0	0.000000	1.585977	533	0.270169	0.519000	0.512705	
449	0.808463	551	0.323049	5.785315	0	0.000000	1.585977	551	0.323049	0.541000	0.512721	
424	0.827830	576	0.296875	5.785315	0	0.000000	1.585977	576	0.296875	0.522000	0.512727	
451	0.787140	549	0.284153	5.785315	0	0.000000	1.585977	549	0.284153	0.511000	0.512726	
453	0.796909	547	0.270567	5.785315	0	0.000000	1.585977	547	0.270567	0.509000	0.512724	
441	0.829932	559	0.323792	5.785315	0	0.000000	1.585977	559	0.323792	0.547000	0.512743	
467	0.779443	533	0.300188	5.785315	0	0.000000	1.585977	533	0.300188	0.524000	0.512750	
457	0.765864	543	0.283610	5.785315	0	0.000000	1.585977	543	0.283610	0.504000	0.512745	
424	0.820755	576	0.293403	5.785315	0	0.000000	1.585977	576	0.293403	0.517000	0.512747	
466	0.798283	534	0.277154	5.785315	0	0.000000	1.585977	534	0.277154	0.520000	0.512751	
426	0.767606	574	0.263066	5.785315	0	0.000000	1.585977	574	0.263066	0.478000	0.512731	
463	0.781857	537	0.260708	5.785315	0	0.000000	1.585977	537	0.260708	0.502000	0.512725	
416	0.718750	584	0.299658	5.785315	0	0.000000	1.585977	584	0.299658	0.474000	0.512703	
421	0.809976	579	0.297064	5.785315	0	0.000000	1.585977	579	0.297064	0.513000	0.512703	
456	0.767544	544	0.319853	5.785315	0	0.000000	1.585977	544	0.319853	0.524000	0.512710	
442	0.816742	558	0.272401	5.785315	0	0.000000	1.585977	558	0.272401	0.513000	0.512710	
453	0.785872	547	0.314442	5.785315	0	0.000000	1.585977	547	0.314442	0.528000	0.512719	
424	0.830189	576	0.314236	5.785315	0	0.000000	1.585977	576	0.314236	0.533000	0.512730	
440	0.779545	560	0.298214	5.785315	0	0.000000	1.585977	560	0.298214	0.510000	0.512729	
465	0.778495	535	0.257944	5.785315	0	0.000000	1.585977	535	0.257944	0.500000	0.512721	
455	0.793407	545	0.282569	5.785315	0	0.000000	1.585977	545	0.282569	0.515000	0.512723	
446	0.760090	554	0.263538	5.785315	0	0.000000	1.585977	554	0.263538	0.485000	0.512707	
463	0.771058	537	0.281192	5.785315	0	0.000000	1.585977	537	0.281192	0.508000	0.512704	
447	0.767338	553	0.269439	5.785315	0	0.000000	1.585977	553	0.269439	0.492000	0.512692	
456	0.778509	544	0.288603	5.785315	0	0.000000	1.585977	544	0.288603	0.512000	0.512692	
440	0.759091	560	0.269643	5.785315	0	0.000000	1.585977	560	0.269643	0.485000	0.512676	
460	0.784783	540	0.314815	5.785315	0	0.000000	1.585977	540	0.314815	0.531000	0.512687	
398	0.776382	602	0.310631	5.785315	0	0.000000	1.585977	602	0.310631	0.496000	0.512677	
475	0.770526	525	0.289524	5.785315	0	0.000000	1.585977	525	0.289524	0.518000	0.512680	
436	0.777523	564	0.287234	5.785315	0	0.000000	1.585977	564	0.287234	0.501000	0.512674	
436	0.800459	564	0.320922	5.785315	0	0.000000	1.585977	564	0.320922	0.530000	0.512684	
447	0.771812	553	0.265823	5.785315	0	0.000000	1.585977	553	0.265823	0.492000	0.512672	
450	0.746667	550	0.272727	5.785315	0	0.000000	1.585977	550	0.272727	0.486000	0.512657	
430	0.797674	570	0.254386	5.785315	0	0.000000	1.585977	570	0.254386	0.488000	0.512643	
466	0.763948	534	0.288390	5.785315	0	0.000000	1.585977	534	0.288390	0.510000	0.512641	
408	0.799020	592	0.278716	5.785315	0	0.000000	1.585977	592	0.278716	0.491000	0.512629	
444	0.786036	556	0.282374	5.785315	0	0.000000	1.585977	556	0.282374	0.506000	0.512625	
446	0.786996	554	0.296029	5.785315	0	0.000000	1.585977	554	0.296029	0.515000	0.512627	
439	0.794989	561	0.254902	5.785315	0	0.000000	1.585977	561	0.254902	0.492000	0.512615	
425	0.795294	575	0.344348	5.785315	0	0.000000	1.585977	575	0.344348	0.536000	0.512628	
452	0.785398	548	0.313869	5.785315	0	0.000000	1.585977	548	0.313869	0.527000	0.512636	
447	0.807606	553	0.327306	5.785315	0	0.000000	1.585977	553	0.327306	0.542000	0.512653	
438	0.808219	562	0.290036	5.785315	0	0.000000	1.585977	562	0.290036	0.517000	0.512655	
447	0.780761	553	0.318264	5.785315	0	0.000000	1.585977	553	0.318264	0.525000	0.512662	
451	0.824834	549	0.284153	5.785315	0	0.000000	1.585977	549	0.284153	0.528000	0.512671	
445	0.773034	555	0.254054	5.785315	0	0.000000	1.585977	555	0.254054	0.485000	0.512655	
438	0.751142	562	0.279359	5.785315	0	0.000000	1.585977	562	0.279359	0.486000	0.512640	
416	0.757212	584	0.261986	5.785315	0	0.000000	1.585977	584	0.261986	0.468000	0.512615	
433	0.782910	567	0.275132	5.785315	0	0.000000	1.585977	567	0.275132	0.495000	0.512606	
495	0.755556	505	0.283168	5.785315	0	0.000000	1.585977	505	0.283168	0.517000	0.512608	
460	0.793478	540	0.301852	5.785315	0	0.000000	1.585977	540	0.301852	0.528000	0.512617	
434	0.785714	566	0.328622	5.785315	0	0.000000	1.585977	566	0.328622	0.527000	0.512625	
440	0.806818	560	0.341071	5.785315	0	0.000000	1.585977	560	0.341071	0.546000	0.512643	
447	0.791946	553	0.296564	5.785315	0	0.000000	1.585977	553	0.296564	0.518000	0.512646	
406	0.780788	594	0.313131	5.785315	0	0.000000	1.585977	594	0.313131	0.503000	0.512641	
419	0.761337	581	0.263339	5.785315	0	0.000000	1.585977	581	0.263339	0.472000	0.512618	
431	0.809745	569	0.295255	5.785315	0	0.000000	1.585977	569	0.295255	0.517000	0.512621	
433	0.815242	567	0.292769	5.785315	0	0.000000	1.585977	567	0.292769	0.519000	0.512624	
441	0.782313	559	0.293381	5.785315	0	0.000000	1.585977	559	0.293381	0.509000	0.512622	
468	0.782051	532	0.278195	5.785315	0	0.000000	1.585977	532	0.278195	0.514000	0.512623	
439	0.753986	561	0.326203	5.785315	0	0.000000	1.585977	561	0.326203	0.514000	0.512624	
463	0.788337	537	0.335196	5.785315	0	0.000000	1.585977	537	0.335196	0.545000	0.512642	
417	0.810552	583	0.337907	5.785315	0	0.000000	1.585977	583	0.337907	0.535000	0.512654	
437	0.814645	563	0.317940	5.785315	0	0.000000	1.585977	563	0.317940	0.535000	0.512667	
480	0.820833	520	0.330769	5.785315	0	0.000000	1.585977	520	0.330769	0.566000	0.512696	
438	0.812785	562	0.345196	5.785315	0	0.000000	1.585977	562	0.345196	0.550000	0.512717	
440	0.831818	560	0.307143	5.785315	0	0.000000	1.585977	560	0.307143	0.538000	0.512731	
435	0.770115	565	0.352212	5.785315	0	0.000000	1.585977	565	0.352212	0.534000	0.512743	
468	0.837607	532	0.334586	5.785315	0	0.000000	1.585977	532	0.334586	0.570000	0.512774	
434	0.806452	566	0.295053	5.785315	0	0.000000	1.585977	566	0.295053	0.517000	0.512777	
450	0.813333	550	0.341818	5.785315	0	0.000000	1.585977	550	0.341818	0.554000	0.512799	
446	0.804933	554	0.306859	5.785315	0	0.000000	1.585977	554	0.306859	0.529000	0.512808	
432	0.835648	568	0.304577	5.785315	0	0.000000	1.585977	568	0.304577	0.534000	0.512820	
448	0.783482	552	0.300725	5.785315	0	0.000000	1.585977	552	0.300725	0.517000	0.512822	
456	0.802632	544	0.303309	5.785315	0	0.000000	1.585977	544	0.303309	0.531000	0.512832	
462	0.766234	538	0.271375	5.785315	0	0.000000	1.585977	538	0.271375	0.500000	0.512825	
439	0.772210	561	0.301248	5.785315	0	0.000000	1.585977	561	0.301248	0.508000	0.512823	
459	0.793028	541	0.273567	5.785315	0	0.000000	1.585977	541	0.273567	0.512000	0.512822	
449	0.783964	551	0.259528	5.785315	0	0.000000	1.585977	551	0.259528	0.495000	0.512812	
433	0.796767	567	0.246914	5.785315	0	0.000000	1.585977	567	0.246914	0.485000	0.512797	
417	0.760192	583	0.250429	5.785315	0	0.000000	1.585977	583	0.250429	0.463000	0.512770	
442	0.776018	558	0.267025	5.785315	0	0.000000	1.585977	558	0.267025	0.492000	0.512758	
428	0.780374	572	0.298951	5.785315	0	0.000000	1.585977	572	0.298951	0.505000	0.512754	
436	0.775229	564	0.315603	5.785315	0	0.000000	1.585977	564	0.315603	0.516000	0.512756	
460	0.804348	540	0.327778	5.785315	0	0.000000	1.585977	540	0.327778	0.547000	0.512775	
425	0.778824	575	0.354783	5.785315	0	0.000000	1.585977	575	0.354783	0.535000	0.512787	
440	0.788636	560	0.300000	5.785315	0	0.000000	1.585977	560	0.300000	0.515000	0.512788	
479	0.822547	521	0.305182	5.785315	0	0.000000	1.585977	521	0.305182	0.553000	0.512810	
408	0.803922	592	0.314189	5.785315	0	0.000000	1.585977	592	0.314189	0.514000	0.512811	
431	0.819026	569	0.309315	5.785315	0	0.000000	1.585977	569	0.309315	0.529000	0.512820	
467	0.802998	533	0.348968	5.785315	0	0.000000	1.585977	533	0.348968	0.561000	0.512846	
465	0.800000	535	0.317757	5.785315	0	0.000000	1.585977	535	0.317757	0.542000	0.512862	
437	0.844394	563	0.307282	5.785315	0	0.000000	1.585977	563	0.307282	0.542000	0.512878	
439	0.785877	561	0.292335	5.785315	0	0.000000	1.585977	561	0.292335	0.509000	0.512876	
398	0.811558	602	0.323920	5.785315	0	0.000000	1.585977	602	0.323920	0.518000	0.512879	
446	0.834081	554	0.333935	5.785315	0	0.000000	1.585977	554	0.333935	0.557000	0.512903	
414	0.806763	586	0.296928	5.785315	0	0.000000	1.585977	586	0.296928	0.508000	0.512900	
454	0.777533	546	0.267399	5.785315	0	0.000000	1.585977	546	0.267399	0.499000	0.512892	
441	0.786848	559	0.334526	5.785315	0	0.000000	1.585977	559	0.334526	0.534000	0.512904	
423	0.796690	577	0.303293	5.785315	0	0.000000	1.585977	577	0.303293	0.512000	0.512903	
407	0.798526	593	0.276560	5.785315	0	0.000000	1.585977	593	0.276560	0.489000	0.512890	
444	0.788288	556	0.284173	5.785315	0	0.000000	1.585977	556	0.284173	0.508000	0.512888	
424	0.778302	576	0.295139	5.785315	0	0.000000	1.585977	576	0.295139	0.500000	0.512881	
431	0.812065	569	0.297012	5.785315	0	0.000000	1.585977	569	0.297012	0.519000	0.512884	
451	0.811530	549	0.298725	5.785315	0	0.000000	1.585977	549	0.298725	0.530000	0.512893	
467	0.807281	533	0.288931	5.785315	0	0.000000	1.585977	533	0.288931	0.531000	0.512903	
428	0.787383	572	0.291958	5.785315	0	0.000000	1.585977	572	0.291958	0.504000	0.512898	
469	0.820896	531	0.265537	5.785315	0	0.000000	1.585977	531	0.265537	0.526000	0.512905	
398	0.824121	602	0.302326	5.785315	0	0.000000	1.585977	602	0.302326	0.510000	0.512904	
482	0.792531	518	0.299228	5.785315	0	0.000000	1.585977	518	0.299228	0.537000	0.512917	
411	0.810219	589	0.276740	5.785315	0	0.000000	1.585977	589	0.276740	0.496000	0.512908	
459	0.786492	541	0.275416	5.785315	0	0.000000	1.585977	541	0.275416	0.510000	0.512906	
445	0.775281	555	0.279279	5.785315	0	0.000000	1.585977	555	0.279279	0.500000	0.512899	
454	0.797357	546	0.272894	5.785315	0	0.000000	1.585977	546	0.272894	0.511000	0.512898	
453	0.803532	547	0.285192	5.785315	0	0.000000	1.585977	547	0.285192	0.520000	0.512902	
460	0.810870	540	0.264815	5.785315	0	0.000000	1.585977	540	0.264815	0.516000	0.512904	
447	0.778523	553	0.274864	5.785315	0	0.000000	1.585977	553	0.274864	0.500000	0.512897	
473	0.782241	527	0.286528	5.785315	0	0.000000	1.585977	527	0.286528	0.521000	0.512901	
466	0.772532	534	0.290262	5.785315	0	0.000000	1.585977	534	0.290262	0.515000	0.512902	
434	0.788018	566	0.310954	5.785315	0	0.000000	1.585977	566	0.310954	0.518000	0.512905	
482	0.786307	518	0.303089	5.785315	0	0.000000	1.585977	518	0.303089	0.536000	0.512917	
440	0.806818	560	0.303571	5.785315	0	0.000000	1.585977	560	0.303571	0.525000	0.512924	
402	0.823383	598	0.321070	5.785315	0	0.000000	1.585977	598	0.321070	0.523000	0.512929	
450	0.802222	550	0.305455	5.785315	0	0.000000	1.585977	550	0.305455	0.529000	0.512938	
464	0.799569	536	0.320896	5.785315	0	0.000000	1.585977	536	0.320896	0.543000	0.512954	
459	0.775599	541	0.303142	5.785315	0	0.000000	1.585977	541	0.303142	0.520000	0.512958	
427	0.772834	573	0.280977	5.785315	0	0.000000	1.585977	573	0.280977	0.491000	0.512946	
438	0.751142	562	0.343416	5.785315	0	0.000000	1.585977	562	0.343416	0.522000	0.512951	
427	0.805621	573	0.272251	5.785315	0	0.000000	1.585977	573	0.272251	0.500000	0.512944	
440	0.793182	560	0.275000	5.785315	0	0.000000	1.585977	560	0.275000	0.503000	0.512939	
445	0.797753	555	0.241441	5.785315	0	0.000000	1.585977	555	0.241441	0.489000	0.512926	
444	0.770270	556	0.307554	5.785315	0	0.000000	1.585977	556	0.307554	0.513000	0.512926	
441	0.791383	559	0.314848	5.785315	0	0.000000	1.585977	559	0.314848	0.525000	0.512932	
443	0.819413	557	0.276481	5.785315	0	0.000000	1.585977	557	0.276481	0.517000	0.512935	
455	0.804396	545	0.242202	5.785315	0	0.000000	1.585977	545	0.242202	0.498000	0.512927	
436	0.763761	564	0.278369	5.785315	0	0.000000	1.585977	564	0.278369	0.490000	0.512914	
456	0.791667	544	0.360294	5.785315	0	0.000000	1.585977	544	0.360294	0.557000	0.512938	
479	0.807933	521	0.276392	5.785315	0	0.000000	1.585977	521	0.276392	0.531000	0.512947	
443	0.774266	557	0.290844	5.785315	0	0.000000	1.585977	557	0.290844	0.505000	0.512943	
462	0.787879	538	0.325279	5.785315	0	0.000000	1.585977	538	0.325279	0.539000	0.512957	
448	0.783482	552	0.289855	5.785315	0	0.000000	1.585977	552	0.289855	0.511000	0.512956	
455	0.815385	545	0.288073	5.785315	0	0.000000	1.585977	545	0.288073	0.528000	0.512964	
416	0.788462	584	0.285959	5.785315	0	0.000000	1.585977	584	0.285959	0.495000	0.512955	
474	0.793249	526	0.321293	5.785315	0	0.000000	1.585977	526	0.321293	0.545000	0.512972	
423	0.784870	577	0.261698	5.785315	0	0.000000	1.585977	577	0.261698	0.483000	0.512956	
414	0.840580	586	0.295222	5.785315	0	0.000000	1.585977	586	0.295222	0.521000	0.512960	
399	0.766917	601	0.271215	5.785315	0	0.000000	1.585977	601	0.271215	0.469000	0.512937	
477	0.800839	523	0.282983	5.785315	0	0.000000	1.585977	523	0.282983	0.530000	0.512946	
446	0.782511	554	0.297834	5.785315	0	0.000000	1.585977	554	0.297834	0.514000	0.512946	
436	0.811927	564	0.271277	5.785315	0	0.000000	1.585977	564	0.271277	0.507000	0.512943	
445	0.817978	555	0.326126	5.785315	0	0.000000	1.585977	555	0.326126	0.545000	0.512960	
477	0.763103	523	0.290631	5.785315	0	0.000000	1.585977	523	0.290631	0.516000	0.512962	
413	0.801453	587	0.330494	5.785315	0	0.000000	1.585977	587	0.330494	0.525000	0.512968	
446	0.809417	554	0.287004	5.785315	0	0.000000	1.585977	554	0.287004	0.520000	0.512972	
441	0.768707	559	0.293381	5.785315	0	0.000000	1.585977	559	0.293381	0.503000	0.512966	
435	0.781609	565	0.295575	5.785315	0	0.000000	1.585977	565	0.295575	0.507000	0.512963	
441	0.823129	559	0.307692	5.785315	0	0.000000	1.585977	559	0.307692	0.535000	0.512975	
482	0.778008	518	0.225869	5.785315	0	0.000000	1.585977	518	0.225869	0.492000	0.512964	
463	0.799136	537	0.277467	5.785315	0	0.000000	1.585977	537	0.277467	0.519000	0.512967	
432	0.800926	568	0.279930	5.785315	0	0.000000	1.585977	568	0.279930	0.505000	0.512963	
457	0.829322	543	0.268877	5.785315	0	0.000000	1.585977	543	0.268877	0.525000	0.512969	
436	0.770642	564	0.251773	5.785315	0	0.000000	1.585977	564	0.251773	0.478000	0.512951	
426	0.767606	574	0.264808	5.785315	0	0.000000	1.585977	574	0.264808	0.479000	0.512933	
442	0.764706	558	0.301075	5.785315	0	0.000000	1.585977	558	0.301075	0.506000	0.512929	
423	0.763593	577	0.266898	5.785315	0	0.000000	1.585977	577	0.266898	0.477000	0.512910	
435	0.806897	565	0.272566	5.785315	0	0.000000	1.585977	565	0.272566	0.505000	0.512906	
439	0.815490	561	0.274510	5.785315	0	0.000000	1.585977	561	0.274510	0.512000	0.512906	
458	0.803493	542	0.261993	5.785315	0	0.000000	1.585977	542	0.261993	0.510000	0.512904	
442	0.805430	558	0.288530	5.785315	0	0.000000	1.585977	558	0.288530	0.517000	0.512906	
432	0.824074	568	0.306338	5.785315	0	0.000000	1.585977	568	0.306338	0.530000	0.512915	
478	0.799163	522	0.277778	5.785315	0	0.000000	1.585977	522	0.277778	0.527000	0.512923	
441	0.755102	559	0.268336	5.785315	0	0.000000	1.585977	559	0.268336	0.483000	0.512907	
466	0.753219	534	0.282772	5.785315	0	0.000000	1.585977	534	0.282772	0.502000	0.512901	
456	0.817982	544	0.303309	5.785315	0	0.000000	1.585977	544	0.303309	0.538000	0.512914	
452	0.789823	548	0.286496	5.785315	0	0.000000	1.585977	548	0.286496	0.514000	0.512915	
476	0.798319	524	0.274809	5.785315	0	0.000000	1.585977	524	0.274809	0.524000	0.512921	
457	0.814004	543	0.283610	5.785315	0	0.000000	1.585977	543	0.283610	0.526000	0.512928	
436	0.763761	564	0.306738	5.785315	0	0.000000	1.585977	564	0.306738	0.506000	0.512924	
439	0.753986	561	0.286988	5.785315	0	0.000000	1.585977	561	0.286988	0.492000	0.512913	
444	0.788288	556	0.293165	5.785315	0	0.000000	1.585977	556	0.293165	0.513000	0.512913	
468	0.769231	532	0.283835	5.785315	0	0.000000	1.585977	532	0.283835	0.511000	0.512912	
468	0.769231	532	0.270677	5.785315	0	0.000000	1.585977	532	0.270677	0.504000	0.512907	
452	0.800885	548	0.290146	5.785315	0	0.000000	1.585977	548	0.290146	0.521000	0.512912	
473	0.763214	527	0.273245	5.785315	0	0.000000	1.585977	527	0.273245	0.505000	0.512908	
459	0.782135	541	0.297597	5.785315	0	0.000000	1.585977	541	0.297597	0.520000	0.512911	
480	0.804167	520	0.303846	5.785315	0	0.000000	1.585977	520	0.303846	0.544000	0.512927	
469	0.831557	531	0.335217	5.785315	0	0.000000	1.585977	531	0.335217	0.568000	0.512956	
459	0.801743	541	0.314233	5.785315	0	0.000000	1.585977	541	0.314233	0.538000	0.512969	
453	0.805740	547	0.345521	5.785315	0	0.000000	1.585977	547	0.345521	0.554000	0.512990	
467	0.807281	533	0.315197	5.785315	0	0.000000	1.585977	533	0.315197	0.545000	0.513007	
484	0.830579	516	0.350775	5.785315	0	0.000000	1.585977	516	0.350775	0.583000	0.513043	
463	0.779698	537	0.303538	5.785315	0	0.000000	1.585977	537	0.303538	0.524000	0.513049	
454	0.803965	546	0.274725	5.785315	0	0.000000	1.585977	546	0.274725	0.515000	0.513050	
435	0.809195	565	0.330973	5.785315	0	0.000000	1.585977	565	0.330973	0.539000	0.513063	
453	0.790287	547	0.329068	5.785315	0	0.000000	1.585977	547	0.329068	0.538000	0.513076	
460	0.802174	540	0.300000	5.785315	0	0.000000	1.585977	540	0.300000	0.531000	0.513086	
433	0.773672	567	0.275132	5.785315	0	0.000000	1.585977	567	0.275132	0.491000	0.513074	
422	0.798578	578	0.269896	5.785315	0	0.000000	1.585977	578	0.269896	0.493000	0.513064	
474	0.835443	526	0.304183	5.785315	0	0.000000	1.585977	526	0.304183	0.556000	0.513086	
469	0.823028	531	0.329567	5.785315	0	0.000000	1.585977	531	0.329567	0.561000	0.513111	
431	0.825986	569	0.309315	5.785315	0	0.000000	1.585977	569	0.309315	0.532000	0.513120	
446	0.800448	554	0.317690	5.785315	0	0.000000	1.585977	554	0.317690	0.533000	0.513131	
423	0.827423	577	0.329289	5.785315	0	0.000000	1.585977	577	0.329289	0.540000	0.513145	
426	0.781690	574	0.306620	5.785315	0	0.000000	1.585977	574	0.306620	0.509000	0.513142	
453	0.788079	547	0.305302	5.785315	0	0.000000	1.585977	547	0.305302	0.524000	0.513148	
451	0.789357	549	0.331512	5.785315	0	0.000000	1.585977	549	0.331512	0.538000	0.513161	
484	0.822314	516	0.292636	5.785315	0	0.000000	1.585977	516	0.292636	0.549000	0.513179	
425	0.809412	575	0.295652	5.785315	0	0.000000	1.585977	575	0.295652	0.514000	0.513180	
455	0.802198	545	0.311927	5.785315	0	0.000000	1.585977	545	0.311927	0.535000	0.513191	
445	0.784270	555	0.362162	5.785315	0	0.000000	1.585977	555	0.362162	0.550000	0.513210	
428	0.836449	572	0.335664	5.785315	0	0.000000	1.585977	572	0.335664	0.550000	0.513229	
452	0.803097	548	0.328467	5.785315	0	0.000000	1.585977	548	0.328467	0.543000	0.513244	
422	0.808057	578	0.335640	5.785315	0	0.000000	1.585977	578	0.335640	0.535000	0.513255	
454	0.781938	546	0.302198	5.785315	0	0.000000	1.585977	546	0.302198	0.520000	0.513259	
419	0.778043	581	0.363167	5.785315	0	0.000000	1.585977	581	0.363167	0.537000	0.513271	
465	0.784946	535	0.308411	5.785315	0	0.000000	1.585977	535	0.308411	0.530000	0.513279	
444	0.786036	556	0.289568	5.785315	0	0.000000	1.585977	556	0.289568	0.510000	0.513278	
432	0.826389	568	0.304577	5.785315	0	0.000000	1.585977	568	0.304577	0.530000	0.513286	
443	0.760722	557	0.251346	5.785315	0	0.000000	1.585977	557	0.251346	0.477000	0.513268	
459	0.779956	541	0.310536	5.785315	0	0.000000	1.585977	541	0.310536	0.526000	0.513274	
429	0.822844	571	0.274956	5.785315	0	0.000000	1.585977	571	0.274956	0.510000	0.513272	
444	0.788288	556	0.341727	5.785315	0	0.000000	1.585977	556	0.341727	0.540000	0.513286	
438	0.835616	562	0.339858	5.785315	0	0.000000	1.585977	562	0.339858	0.557000	0.513308	
448	0.834821	552	0.297101	5.785315	0	0.000000	1.585977	552	0.297101	0.538000	0.513321	
421	0.774347	579	0.321244	5.785315	0	0.000000	1.585977	579	0.321244	0.512000	0.513320	
421	0.788599	579	0.309154	5.785315	0	0.000000	1.585977	579	0.309154	0.511000	0.513319	
443	0.812641	557	0.305206	5.785315	0	0.000000	1.585977	557	0.305206	0.530000	0.513328	
441	0.811791	559	0.316637	5.785315	0	0.000000	1.585977	559	0.316637	0.535000	0.513339	
465	0.817204	535	0.293458	5.785315	0	0.000000	1.585977	535	0.293458	0.537000	0.513351	
446	0.807175	554	0.305054	5.785315	0	0.000000	1.585977	554	0.305054	0.529000	0.513359	
454	0.779736	546	0.305861	5.785315	0	0.000000	1.585977	546	0.305861	0.521000	0.513363	
462	0.770563	538	0.282528	5.785315	0	0.000000	1.585977	538	0.282528	0.508000	0.513360	
453	0.816777	547	0.281536	5.785315	0	0.000000	1.585977	547	0.281536	0.524000	0.513365	
415	0.836145	585	0.312821	5.785315	0	0.000000	1.585977	585	0.312821	0.530000	0.513374	
457	0.800875	543	0.327808	5.785315	0	0.000000	1.585977	543	0.327808	0.544000	0.513389	
445	0.826966	555	0.354955	5.785315	0	0.000000	1.585977	555	0.354955	0.565000	0.513415	
424	0.825472	576	0.310764	5.785315	0	0.000000	1.585977	576	0.310764	0.529000	0.513423	
433	0.819861	567	0.287478	5.785315	0	0.000000	1.585977	567	0.287478	0.518000	0.513426	
467	0.839400	533	0.320826	5.785315	0	0.000000	1.585977	533	0.320826	0.563000	0.513451	
446	0.809417	554	0.380866	5.785315	0	0.000000	1.585977	554	0.380866	0.572000	0.513480	
427	0.829040	573	0.312391	5.785315	0	0.000000	1.585977	573	0.312391	0.533000	0.513490	
463	0.818575	537	0.292365	5.785315	0	0.000000	1.585977	537	0.292365	0.536000	0.513502	
382	0.798429	618	0.339806	5.785315	0	0.000000	1.585977	618	0.339806	0.515000	0.513502	
440	0.820455	560	0.333929	5.785315	0	0.000000	1.585977	560	0.333929	0.548000	0.513520	
442	0.834842	558	0.297491	5.785315	0	0.000000	1.585977	558	0.297491	0.535000	0.513531	
427	0.822014	573	0.324607	5.785315	0	0.000000	1.585977	573	0.324607	0.537000	0.513542	
466	0.785408	534	0.310861	5.785315	0	0.000000	1.585977	534	0.310861	0.532000	0.513552	
450	0.844444	550	0.316364	5.785315	0	0.000000	1.585977	550	0.316364	0.554000	0.513572	
441	0.816327	559	0.366726	5.785315	0	0.000000	1.585977	559	0.366726	0.565000	0.513598	
450	0.804444	550	0.289091	5.785315	0	0.000000	1.585977	550	0.289091	0.521000	0.513602	
459	0.806100	541	0.319778	5.785315	0	0.000000	1.585977	541	0.319778	0.543000	0.513616	
446	0.822870	554	0.368231	5.785315	0	0.000000	1.585977	554	0.368231	0.571000	0.513645	
424	0.844340	576	0.303819	5.785315	0	0.000000	1.585977	576	0.303819	0.533000	0.513655	
421	0.779097	579	0.366149	5.785315	0	0.000000	1.585977	579	0.366149	0.540000	0.513668	
439	0.792711	561	0.286988	5.785315	0	0.000000	1.585977	561	0.286988	0.509000	0.513666	
473	0.818182	527	0.343454	5.785315	0	0.000000	1.585977	527	0.343454	0.568000	0.513693	
443	0.837472	557	0.344704	5.785315	0	0.000000	1.585977	557	0.344704	0.563000	0.513718	
450	0.820000	550	0.341818	5.785315	0	0.000000	1.585977	550	0.341818	0.557000	0.513740	
445	0.786517	555	0.291892	5.785315	0	0.000000	1.585977	555	0.291892	0.512000	0.513739	
431	0.837587	569	0.347979	5.785315	0	0.000000	1.585977	569	0.347979	0.559000	0.513761	
454	0.781938	546	0.320513	5.785315	0	0.000000	1.585977	546	0.320513	0.530000	0.513770	
420	0.811905	580	0.315517	5.785315	0	0.000000	1.585977	580	0.315517	0.524000	0.513775	
461	0.822126	539	0.285714	5.785315	0	0.000000	1.585977	539	0.285714	0.533000	0.513784	
