Rate	44.44
Est Data	55.56
Rate Tried	% Accepted	Est Data Tried	% Accepted	Alpha Trait 1 - Dev	Alpha Trait 1 - Tried	Alpha Trait 1 - Accepted	Data - Dev	Data - Tried	Data - Accepted	Sample Ave Acceptance	Total Ave Acceptance	
421	0.779097	579	0.329879	5.785315	0	0.000000	2.117455	579	0.329879	0.519000	0.511667	
439	0.772210	561	0.308378	5.785315	0	0.000000	2.117455	561	0.308378	0.512000	0.511667	
442	0.753394	558	0.308244	5.785315	0	0.000000	2.117455	558	0.308244	0.505000	0.511661	
433	0.739030	567	0.340388	5.785315	0	0.000000	2.117455	567	0.340388	0.513000	0.511662	
428	0.792056	572	0.319930	5.785315	0	0.000000	2.117455	572	0.319930	0.522000	0.511672	
457	0.803063	543	0.327808	5.785315	0	0.000000	2.117455	543	0.327808	0.545000	0.511705	
447	0.776286	553	0.311031	5.785315	0	0.000000	2.117455	553	0.311031	0.519000	0.511713	
447	0.774049	553	0.343580	5.785315	0	0.000000	2.117455	553	0.343580	0.536000	0.511737	
489	0.807771	511	0.342466	5.785315	0	0.000000	2.117455	511	0.342466	0.570000	0.511794	
438	0.796804	562	0.329181	5.785315	0	0.000000	2.117455	562	0.329181	0.534000	0.511816	
417	0.738609	583	0.289880	5.785315	0	0.000000	2.117455	583	0.289880	0.477000	0.511782	
426	0.795775	574	0.294425	5.785315	0	0.000000	2.117455	574	0.294425	0.508000	0.511778	
436	0.750000	564	0.289007	5.785315	0	0.000000	2.117455	564	0.289007	0.490000	0.511757	
445	0.791011	555	0.245045	5.785315	0	0.000000	2.117455	555	0.245045	0.488000	0.511733	
442	0.766968	558	0.318996	5.785315	0	0.000000	2.117455	558	0.318996	0.517000	0.511738	
452	0.745575	548	0.270073	5.785315	0	0.000000	2.117455	548	0.270073	0.485000	0.511712	
439	0.747153	561	0.262032	5.785315	0	0.000000	2.117455	561	0.262032	0.475000	0.511676	
437	0.780320	563	0.275311	5.785315	0	0.000000	2.117455	563	0.275311	0.496000	0.511661	
448	0.703125	552	0.239130	5.785315	0	0.000000	2.117455	552	0.239130	0.447000	0.511597	
491	0.747454	509	0.275049	5.785315	0	0.000000	2.117455	509	0.275049	0.507000	0.511593	
473	0.792812	527	0.299810	5.785315	0	0.000000	2.117455	527	0.299810	0.533000	0.511614	
445	0.773034	555	0.277477	5.785315	0	0.000000	2.117455	555	0.277477	0.498000	0.511600	
449	0.766147	551	0.286751	5.785315	0	0.000000	2.117455	551	0.286751	0.502000	0.511591	
434	0.721198	566	0.326855	5.785315	0	0.000000	2.117455	566	0.326855	0.498000	0.511578	
460	0.756522	540	0.283333	5.785315	0	0.000000	2.117455	540	0.283333	0.501000	0.511567	
445	0.743820	555	0.302703	5.785315	0	0.000000	2.117455	555	0.302703	0.499000	0.511555	
423	0.768322	577	0.325823	5.785315	0	0.000000	2.117455	577	0.325823	0.513000	0.511556	
473	0.782241	527	0.301708	5.785315	0	0.000000	2.117455	527	0.301708	0.529000	0.511573	
466	0.785408	534	0.325843	5.785315	0	0.000000	2.117455	534	0.325843	0.540000	0.511601	
431	0.788863	569	0.321617	5.785315	0	0.000000	2.117455	569	0.321617	0.523000	0.511612	
469	0.756930	531	0.305085	5.785315	0	0.000000	2.117455	531	0.305085	0.517000	0.511617	
490	0.802041	510	0.356863	5.785315	0	0.000000	2.117455	510	0.356863	0.575000	0.511679	
439	0.794989	561	0.317291	5.785315	0	0.000000	2.117455	561	0.317291	0.527000	0.511694	
408	0.818627	592	0.332770	5.785315	0	0.000000	2.117455	592	0.332770	0.531000	0.511712	
441	0.770975	559	0.355993	5.785315	0	0.000000	2.117455	559	0.355993	0.539000	0.511739	
450	0.784444	550	0.340000	5.785315	0	0.000000	2.117455	550	0.340000	0.540000	0.511766	
440	0.793182	560	0.326786	5.785315	0	0.000000	2.117455	560	0.326786	0.532000	0.511785	
450	0.791111	550	0.372727	5.785315	0	0.000000	2.117455	550	0.372727	0.561000	0.511833	
434	0.771889	566	0.344523	5.785315	0	0.000000	2.117455	566	0.344523	0.530000	0.511850	
466	0.776824	534	0.335206	5.785315	0	0.000000	2.117455	534	0.335206	0.541000	0.511878	
452	0.800885	548	0.312044	5.785315	0	0.000000	2.117455	548	0.312044	0.533000	0.511899	
431	0.825986	569	0.347979	5.785315	0	0.000000	2.117455	569	0.347979	0.554000	0.511939	
443	0.817156	557	0.360862	5.785315	0	0.000000	2.117455	557	0.360862	0.563000	0.511988	
391	0.769821	609	0.305419	5.785315	0	0.000000	2.117455	609	0.305419	0.487000	0.511964	
452	0.780973	548	0.343066	5.785315	0	0.000000	2.117455	548	0.343066	0.541000	0.511992	
442	0.819005	558	0.329749	5.785315	0	0.000000	2.117455	558	0.329749	0.546000	0.512024	
442	0.764706	558	0.320789	5.785315	0	0.000000	2.117455	558	0.320789	0.517000	0.512029	
416	0.750000	584	0.321918	5.785315	0	0.000000	2.117455	584	0.321918	0.500000	0.512018	
445	0.791011	555	0.309910	5.785315	0	0.000000	2.117455	555	0.309910	0.524000	0.512029	
446	0.775785	554	0.333935	5.785315	0	0.000000	2.117455	554	0.333935	0.531000	0.512047	
448	0.787946	552	0.327899	5.785315	0	0.000000	2.117455	552	0.327899	0.534000	0.512068	
434	0.778802	566	0.319788	5.785315	0	0.000000	2.117455	566	0.319788	0.519000	0.512075	
423	0.803783	577	0.334489	5.785315	0	0.000000	2.117455	577	0.334489	0.533000	0.512094	
428	0.785047	572	0.349650	5.785315	0	0.000000	2.117455	572	0.349650	0.536000	0.512117	
440	0.772727	560	0.348214	5.785315	0	0.000000	2.117455	560	0.348214	0.535000	0.512139	
412	0.817961	588	0.321429	5.785315	0	0.000000	2.117455	588	0.321429	0.526000	0.512152	
432	0.817130	568	0.353873	5.785315	0	0.000000	2.117455	568	0.353873	0.554000	0.512192	
459	0.797386	541	0.314233	5.785315	0	0.000000	2.117455	541	0.314233	0.536000	0.512214	
433	0.801386	567	0.375661	5.785315	0	0.000000	2.117455	567	0.375661	0.560000	0.512259	
438	0.803653	562	0.325623	5.785315	0	0.000000	2.117455	562	0.325623	0.535000	0.512281	
447	0.812081	553	0.309222	5.785315	0	0.000000	2.117455	553	0.309222	0.534000	0.512301	
431	0.809745	569	0.339192	5.785315	0	0.000000	2.117455	569	0.339192	0.542000	0.512329	
459	0.801743	541	0.327172	5.785315	0	0.000000	2.117455	541	0.327172	0.545000	0.512360	
473	0.828753	527	0.371917	5.785315	0	0.000000	2.117455	527	0.371917	0.588000	0.512431	
468	0.771368	532	0.327068	5.785315	0	0.000000	2.117455	532	0.327068	0.535000	0.512452	
443	0.783296	557	0.315978	5.785315	0	0.000000	2.117455	557	0.315978	0.523000	0.512462	
439	0.765376	561	0.367201	5.785315	0	0.000000	2.117455	561	0.367201	0.542000	0.512490	
444	0.756757	556	0.302158	5.785315	0	0.000000	2.117455	556	0.302158	0.504000	0.512482	
446	0.784753	554	0.314079	5.785315	0	0.000000	2.117455	554	0.314079	0.524000	0.512493	
415	0.787952	585	0.394872	5.785315	0	0.000000	2.117455	585	0.394872	0.558000	0.512535	
424	0.806604	576	0.336806	5.785315	0	0.000000	2.117455	576	0.336806	0.536000	0.512557	
439	0.810934	561	0.311943	5.785315	0	0.000000	2.117455	561	0.311943	0.531000	0.512574	
415	0.804819	585	0.331624	5.785315	0	0.000000	2.117455	585	0.331624	0.528000	0.512589	
424	0.780660	576	0.342014	5.785315	0	0.000000	2.117455	576	0.342014	0.528000	0.512603	
435	0.795402	565	0.272566	5.785315	0	0.000000	2.117455	565	0.272566	0.500000	0.512591	
421	0.755344	579	0.281520	5.785315	0	0.000000	2.117455	579	0.281520	0.481000	0.512562	
418	0.736842	582	0.295533	5.785315	0	0.000000	2.117455	582	0.295533	0.480000	0.512532	
433	0.780600	567	0.335097	5.785315	0	0.000000	2.117455	567	0.335097	0.528000	0.512546	
426	0.802817	574	0.317073	5.785315	0	0.000000	2.117455	574	0.317073	0.524000	0.512557	
440	0.770455	560	0.373214	5.785315	0	0.000000	2.117455	560	0.373214	0.548000	0.512589	
408	0.786765	592	0.302365	5.785315	0	0.000000	2.117455	592	0.302365	0.500000	0.512578	
431	0.747100	569	0.362039	5.785315	0	0.000000	2.117455	569	0.362039	0.528000	0.512592	
450	0.768889	550	0.318182	5.785315	0	0.000000	2.117455	550	0.318182	0.521000	0.512600	
445	0.770787	555	0.329730	5.785315	0	0.000000	2.117455	555	0.329730	0.526000	0.512612	
475	0.764211	525	0.278095	5.785315	0	0.000000	2.117455	525	0.278095	0.509000	0.512609	
421	0.750594	579	0.321244	5.785315	0	0.000000	2.117455	579	0.321244	0.502000	0.512599	
422	0.753555	578	0.297578	5.785315	0	0.000000	2.117455	578	0.297578	0.490000	0.512578	
453	0.719647	547	0.283364	5.785315	0	0.000000	2.117455	547	0.283364	0.481000	0.512549	
443	0.808126	557	0.296230	5.785315	0	0.000000	2.117455	557	0.296230	0.523000	0.512559	
464	0.797414	536	0.343284	5.785315	0	0.000000	2.117455	536	0.343284	0.554000	0.512597	
421	0.790974	579	0.340242	5.785315	0	0.000000	2.117455	579	0.340242	0.530000	0.512613	
484	0.805785	516	0.350775	5.785315	0	0.000000	2.117455	516	0.350775	0.571000	0.512666	
449	0.757238	551	0.333938	5.785315	0	0.000000	2.117455	551	0.333938	0.524000	0.512677	
434	0.783410	566	0.309187	5.785315	0	0.000000	2.117455	566	0.309187	0.515000	0.512679	
409	0.823961	591	0.323181	5.785315	0	0.000000	2.117455	591	0.323181	0.528000	0.512693	
438	0.773973	562	0.339858	5.785315	0	0.000000	2.117455	562	0.339858	0.530000	0.512708	
420	0.761905	580	0.315517	5.785315	0	0.000000	2.117455	580	0.315517	0.503000	0.512700	
440	0.793182	560	0.298214	5.785315	0	0.000000	2.117455	560	0.298214	0.516000	0.512703	
451	0.800443	549	0.293260	5.785315	0	0.000000	2.117455	549	0.293260	0.522000	0.512711	
413	0.750605	587	0.332198	5.785315	0	0.000000	2.117455	587	0.332198	0.505000	0.512704	
466	0.772532	534	0.337079	5.785315	0	0.000000	2.117455	534	0.337079	0.540000	0.512729	
427	0.826698	573	0.303665	5.785315	0	0.000000	2.117455	573	0.303665	0.527000	0.512742	
427	0.763466	573	0.321117	5.785315	0	0.000000	2.117455	573	0.321117	0.510000	0.512739	
417	0.803357	583	0.313894	5.785315	0	0.000000	2.117455	583	0.313894	0.518000	0.512744	
443	0.772009	557	0.348294	5.785315	0	0.000000	2.117455	557	0.348294	0.536000	0.512765	
423	0.758865	577	0.334489	5.785315	0	0.000000	2.117455	577	0.334489	0.514000	0.512766	
400	0.770000	600	0.320000	5.785315	0	0.000000	2.117455	600	0.320000	0.500000	0.512755	
453	0.821192	547	0.299817	5.785315	0	0.000000	2.117455	547	0.299817	0.536000	0.512776	
443	0.778781	557	0.346499	5.785315	0	0.000000	2.117455	557	0.346499	0.538000	0.512798	
497	0.794769	503	0.367793	5.785315	0	0.000000	2.117455	503	0.367793	0.580000	0.512859	
437	0.814645	563	0.348135	5.785315	0	0.000000	2.117455	563	0.348135	0.552000	0.512894	
452	0.792035	548	0.344891	5.785315	0	0.000000	2.117455	548	0.344891	0.547000	0.512925	
468	0.799145	532	0.327068	5.785315	0	0.000000	2.117455	532	0.327068	0.548000	0.512956	
450	0.802222	550	0.336364	5.785315	0	0.000000	2.117455	550	0.336364	0.546000	0.512986	
445	0.815730	555	0.353153	5.785315	0	0.000000	2.117455	555	0.353153	0.559000	0.513027	
439	0.790433	561	0.367201	5.785315	0	0.000000	2.117455	561	0.367201	0.553000	0.513063	
442	0.769231	558	0.344086	5.785315	0	0.000000	2.117455	558	0.344086	0.532000	0.513080	
446	0.769058	554	0.272563	5.785315	0	0.000000	2.117455	554	0.272563	0.494000	0.513063	
423	0.822695	577	0.298094	5.785315	0	0.000000	2.117455	577	0.298094	0.520000	0.513069	
432	0.798611	568	0.304577	5.785315	0	0.000000	2.117455	568	0.304577	0.518000	0.513074	
448	0.792411	552	0.342391	5.785315	0	0.000000	2.117455	552	0.342391	0.544000	0.513101	
423	0.747045	577	0.301560	5.785315	0	0.000000	2.117455	577	0.301560	0.490000	0.513081	
417	0.803357	583	0.334477	5.785315	0	0.000000	2.117455	583	0.334477	0.530000	0.513096	
450	0.808889	550	0.289091	5.785315	0	0.000000	2.117455	550	0.289091	0.523000	0.513105	
438	0.783105	562	0.300712	5.785315	0	0.000000	2.117455	562	0.300712	0.512000	0.513104	
463	0.809935	537	0.307263	5.785315	0	0.000000	2.117455	537	0.307263	0.540000	0.513127	
457	0.770241	543	0.268877	5.785315	0	0.000000	2.117455	543	0.268877	0.498000	0.513114	
430	0.795349	570	0.319298	5.785315	0	0.000000	2.117455	570	0.319298	0.524000	0.513124	
496	0.741935	504	0.309524	5.785315	0	0.000000	2.117455	504	0.309524	0.524000	0.513133	
458	0.766376	542	0.304428	5.785315	0	0.000000	2.117455	542	0.304428	0.516000	0.513136	
458	0.788210	542	0.359779	5.785315	0	0.000000	2.117455	542	0.359779	0.556000	0.513174	
453	0.777042	547	0.288848	5.785315	0	0.000000	2.117455	547	0.288848	0.510000	0.513171	
443	0.756208	557	0.292639	5.785315	0	0.000000	2.117455	557	0.292639	0.498000	0.513158	
437	0.771167	563	0.317940	5.785315	0	0.000000	2.117455	563	0.317940	0.516000	0.513160	
440	0.784091	560	0.303571	5.785315	0	0.000000	2.117455	560	0.303571	0.515000	0.513162	
477	0.763103	523	0.288719	5.785315	0	0.000000	2.117455	523	0.288719	0.515000	0.513163	
439	0.797267	561	0.360071	5.785315	0	0.000000	2.117455	561	0.360071	0.552000	0.513197	
456	0.787281	544	0.356618	5.785315	0	0.000000	2.117455	544	0.356618	0.553000	0.513232	
434	0.776498	566	0.305654	5.785315	0	0.000000	2.117455	566	0.305654	0.510000	0.513230	
437	0.766590	563	0.296625	5.785315	0	0.000000	2.117455	563	0.296625	0.502000	0.513220	
406	0.778325	594	0.343434	5.785315	0	0.000000	2.117455	594	0.343434	0.520000	0.513226	
454	0.786344	546	0.278388	5.785315	0	0.000000	2.117455	546	0.278388	0.509000	0.513222	
438	0.792237	562	0.252669	5.785315	0	0.000000	2.117455	562	0.252669	0.489000	0.513201	
421	0.764846	579	0.279793	5.785315	0	0.000000	2.117455	579	0.279793	0.484000	0.513175	
468	0.745726	532	0.293233	5.785315	0	0.000000	2.117455	532	0.293233	0.505000	0.513168	
449	0.741648	551	0.250454	5.785315	0	0.000000	2.117455	551	0.250454	0.471000	0.513131	
430	0.723256	570	0.266667	5.785315	0	0.000000	2.117455	570	0.266667	0.463000	0.513088	
445	0.768539	555	0.322523	5.785315	0	0.000000	2.117455	555	0.322523	0.521000	0.513095	
454	0.781938	546	0.282051	5.785315	0	0.000000	2.117455	546	0.282051	0.509000	0.513091	
452	0.778761	548	0.290146	5.785315	0	0.000000	2.117455	548	0.290146	0.511000	0.513089	
474	0.751055	526	0.332700	5.785315	0	0.000000	2.117455	526	0.332700	0.531000	0.513105	
448	0.752232	552	0.304348	5.785315	0	0.000000	2.117455	552	0.304348	0.505000	0.513098	
459	0.766885	541	0.321627	5.785315	0	0.000000	2.117455	541	0.321627	0.526000	0.513109	
435	0.806897	565	0.274336	5.785315	0	0.000000	2.117455	565	0.274336	0.506000	0.513103	
439	0.763098	561	0.345811	5.785315	0	0.000000	2.117455	561	0.345811	0.529000	0.513116	
467	0.753747	533	0.326454	5.785315	0	0.000000	2.117455	533	0.326454	0.526000	0.513128	
441	0.793651	559	0.329159	5.785315	0	0.000000	2.117455	559	0.329159	0.534000	0.513146	
452	0.794248	548	0.312044	5.785315	0	0.000000	2.117455	548	0.312044	0.530000	0.513160	
433	0.764434	567	0.305115	5.785315	0	0.000000	2.117455	567	0.305115	0.504000	0.513152	
480	0.800000	520	0.350000	5.785315	0	0.000000	2.117455	520	0.350000	0.566000	0.513198	
438	0.764840	562	0.329181	5.785315	0	0.000000	2.117455	562	0.329181	0.520000	0.513204	
442	0.782805	558	0.313620	5.785315	0	0.000000	2.117455	558	0.313620	0.521000	0.513210	
460	0.778261	540	0.377778	5.785315	0	0.000000	2.117455	540	0.377778	0.562000	0.513252	
439	0.747153	561	0.310160	5.785315	0	0.000000	2.117455	561	0.310160	0.502000	0.513243	
431	0.795824	569	0.347979	5.785315	0	0.000000	2.117455	569	0.347979	0.541000	0.513267	
466	0.789700	534	0.308989	5.785315	0	0.000000	2.117455	534	0.308989	0.533000	0.513283	
437	0.800915	563	0.307282	5.785315	0	0.000000	2.117455	563	0.307282	0.523000	0.513292	
431	0.761021	569	0.298770	5.785315	0	0.000000	2.117455	569	0.298770	0.498000	0.513279	
433	0.778291	567	0.347443	5.785315	0	0.000000	2.117455	567	0.347443	0.534000	0.513296	
482	0.769710	518	0.345560	5.785315	0	0.000000	2.117455	518	0.345560	0.550000	0.513328	
438	0.778539	562	0.325623	5.785315	0	0.000000	2.117455	562	0.325623	0.524000	0.513337	
459	0.745098	541	0.275416	5.785315	0	0.000000	2.117455	541	0.275416	0.491000	0.513318	
457	0.759300	543	0.325967	5.785315	0	0.000000	2.117455	543	0.325967	0.524000	0.513327	
431	0.784223	569	0.319859	5.785315	0	0.000000	2.117455	569	0.319859	0.520000	0.513333	
469	0.803838	531	0.299435	5.785315	0	0.000000	2.117455	531	0.299435	0.536000	0.513352	
436	0.770642	564	0.312057	5.785315	0	0.000000	2.117455	564	0.312057	0.512000	0.513351	
430	0.793023	570	0.303509	5.785315	0	0.000000	2.117455	570	0.303509	0.514000	0.513351	
427	0.798595	573	0.331588	5.785315	0	0.000000	2.117455	573	0.331588	0.531000	0.513366	
459	0.795207	541	0.373383	5.785315	0	0.000000	2.117455	541	0.373383	0.567000	0.513412	
467	0.796574	533	0.337711	5.785315	0	0.000000	2.117455	533	0.337711	0.552000	0.513444	
461	0.780911	539	0.333952	5.785315	0	0.000000	2.117455	539	0.333952	0.540000	0.513467	
442	0.766968	558	0.322581	5.785315	0	0.000000	2.117455	558	0.322581	0.519000	0.513472	
427	0.791569	573	0.308901	5.785315	0	0.000000	2.117455	573	0.308901	0.515000	0.513473	
423	0.739953	577	0.346620	5.785315	0	0.000000	2.117455	577	0.346620	0.513000	0.513473	
463	0.740821	537	0.309125	5.785315	0	0.000000	2.117455	537	0.309125	0.509000	0.513469	
454	0.781938	546	0.311355	5.785315	0	0.000000	2.117455	546	0.311355	0.525000	0.513478	
471	0.779193	529	0.311909	5.785315	0	0.000000	2.117455	529	0.311909	0.532000	0.513494	
429	0.773893	571	0.299475	5.785315	0	0.000000	2.117455	571	0.299475	0.503000	0.513485	
447	0.758389	553	0.323689	5.785315	0	0.000000	2.117455	553	0.323689	0.518000	0.513489	
452	0.754425	548	0.293796	5.785315	0	0.000000	2.117455	548	0.293796	0.502000	0.513479	
485	0.789691	515	0.306796	5.785315	0	0.000000	2.117455	515	0.306796	0.541000	0.513503	
430	0.795349	570	0.347368	5.785315	0	0.000000	2.117455	570	0.347368	0.540000	0.513525	
450	0.788889	550	0.294545	5.785315	0	0.000000	2.117455	550	0.294545	0.517000	0.513528	
462	0.792208	538	0.319703	5.785315	0	0.000000	2.117455	538	0.319703	0.538000	0.513548	
455	0.778022	545	0.330275	5.785315	0	0.000000	2.117455	545	0.330275	0.534000	0.513565	
430	0.795349	570	0.321053	5.785315	0	0.000000	2.117455	570	0.321053	0.525000	0.513575	
439	0.758542	561	0.304813	5.785315	0	0.000000	2.117455	561	0.304813	0.504000	0.513567	
459	0.786492	541	0.306839	5.785315	0	0.000000	2.117455	541	0.306839	0.527000	0.513578	
457	0.796499	543	0.313076	5.785315	0	0.000000	2.117455	543	0.313076	0.534000	0.513595	
446	0.769058	554	0.294224	5.785315	0	0.000000	2.117455	554	0.294224	0.506000	0.513589	
436	0.756881	564	0.292553	5.785315	0	0.000000	2.117455	564	0.292553	0.495000	0.513573	
451	0.796009	549	0.284153	5.785315	0	0.000000	2.117455	549	0.284153	0.515000	0.513574	
436	0.715596	564	0.289007	5.785315	0	0.000000	2.117455	564	0.289007	0.475000	0.513542	
453	0.737307	547	0.312614	5.785315	0	0.000000	2.117455	547	0.312614	0.505000	0.513535	
442	0.803167	558	0.275986	5.785315	0	0.000000	2.117455	558	0.275986	0.509000	0.513532	
423	0.791962	577	0.331023	5.785315	0	0.000000	2.117455	577	0.331023	0.526000	0.513542	
464	0.762931	536	0.304104	5.785315	0	0.000000	2.117455	536	0.304104	0.517000	0.513545	
451	0.789357	549	0.347905	5.785315	0	0.000000	2.117455	549	0.347905	0.547000	0.513572	
429	0.808858	571	0.360771	5.785315	0	0.000000	2.117455	571	0.360771	0.553000	0.513605	
446	0.809417	554	0.332130	5.785315	0	0.000000	2.117455	554	0.332130	0.545000	0.513631	
436	0.788991	564	0.319149	5.785315	0	0.000000	2.117455	564	0.319149	0.524000	0.513640	
448	0.816964	552	0.335145	5.785315	0	0.000000	2.117455	552	0.335145	0.551000	0.513670	
448	0.812500	552	0.353261	5.785315	0	0.000000	2.117455	552	0.353261	0.559000	0.513708	
428	0.820093	572	0.332168	5.785315	0	0.000000	2.117455	572	0.332168	0.541000	0.513730	
454	0.803965	546	0.364469	5.785315	0	0.000000	2.117455	546	0.364469	0.564000	0.513772	
448	0.761161	552	0.355072	5.785315	0	0.000000	2.117455	552	0.355072	0.537000	0.513791	
452	0.787611	548	0.330292	5.785315	0	0.000000	2.117455	548	0.330292	0.537000	0.513810	
466	0.796137	534	0.350187	5.785315	0	0.000000	2.117455	534	0.350187	0.558000	0.513846	
471	0.796178	529	0.370510	5.785315	0	0.000000	2.117455	529	0.370510	0.571000	0.513893	
454	0.814978	546	0.358974	5.785315	0	0.000000	2.117455	546	0.358974	0.566000	0.513936	
443	0.799097	557	0.375224	5.785315	0	0.000000	2.117455	557	0.375224	0.563000	0.513976	
399	0.824561	601	0.369384	5.785315	0	0.000000	2.117455	601	0.369384	0.551000	0.514006	
441	0.786848	559	0.332737	5.785315	0	0.000000	2.117455	559	0.332737	0.533000	0.514022	
432	0.768519	568	0.320423	5.785315	0	0.000000	2.117455	568	0.320423	0.514000	0.514022	
425	0.764706	575	0.330435	5.785315	0	0.000000	2.117455	575	0.330435	0.515000	0.514022	
456	0.793860	544	0.352941	5.785315	0	0.000000	2.117455	544	0.352941	0.554000	0.514055	
462	0.783550	538	0.327138	5.785315	0	0.000000	2.117455	538	0.327138	0.538000	0.514075	
461	0.783080	539	0.322820	5.785315	0	0.000000	2.117455	539	0.322820	0.535000	0.514092	
430	0.741860	570	0.340351	5.785315	0	0.000000	2.117455	570	0.340351	0.513000	0.514091	
466	0.763948	534	0.308989	5.785315	0	0.000000	2.117455	534	0.308989	0.521000	0.514096	
448	0.774554	552	0.322464	5.785315	0	0.000000	2.117455	552	0.322464	0.525000	0.514105	
464	0.765086	536	0.279851	5.785315	0	0.000000	2.117455	536	0.279851	0.505000	0.514098	
436	0.782110	564	0.257092	5.785315	0	0.000000	2.117455	564	0.257092	0.486000	0.514075	
445	0.766292	555	0.322523	5.785315	0	0.000000	2.117455	555	0.322523	0.520000	0.514080	
448	0.770089	552	0.333333	5.785315	0	0.000000	2.117455	552	0.333333	0.529000	0.514092	
453	0.830022	547	0.352834	5.785315	0	0.000000	2.117455	547	0.352834	0.569000	0.514136	
451	0.813747	549	0.302368	5.785315	0	0.000000	2.117455	549	0.302368	0.533000	0.514152	
449	0.797327	551	0.319419	5.785315	0	0.000000	2.117455	551	0.319419	0.534000	0.514168	
442	0.771493	558	0.299283	5.785315	0	0.000000	2.117455	558	0.299283	0.508000	0.514163	
461	0.798265	539	0.319109	5.785315	0	0.000000	2.117455	539	0.319109	0.540000	0.514183	
455	0.789011	545	0.333945	5.785315	0	0.000000	2.117455	545	0.333945	0.541000	0.514205	
425	0.776471	575	0.313043	5.785315	0	0.000000	2.117455	575	0.313043	0.510000	0.514202	
424	0.818396	576	0.343750	5.785315	0	0.000000	2.117455	576	0.343750	0.545000	0.514226	
454	0.759912	546	0.318681	5.785315	0	0.000000	2.117455	546	0.318681	0.519000	0.514230	
434	0.804147	566	0.337456	5.785315	0	0.000000	2.117455	566	0.337456	0.540000	0.514251	
433	0.759815	567	0.320988	5.785315	0	0.000000	2.117455	567	0.320988	0.511000	0.514248	
425	0.821176	575	0.309565	5.785315	0	0.000000	2.117455	575	0.309565	0.527000	0.514259	
453	0.801325	547	0.325411	5.785315	0	0.000000	2.117455	547	0.325411	0.541000	0.514280	
459	0.806100	541	0.317930	5.785315	0	0.000000	2.117455	541	0.317930	0.542000	0.514302	
442	0.778281	558	0.301075	5.785315	0	0.000000	2.117455	558	0.301075	0.512000	0.514300	
462	0.809524	538	0.302974	5.785315	0	0.000000	2.117455	538	0.302974	0.537000	0.514319	
443	0.781038	557	0.324955	5.785315	0	0.000000	2.117455	557	0.324955	0.527000	0.514329	
454	0.781938	546	0.311355	5.785315	0	0.000000	2.117455	546	0.311355	0.525000	0.514337	
457	0.759300	543	0.314917	5.785315	0	0.000000	2.117455	543	0.314917	0.518000	0.514340	
444	0.738739	556	0.269784	5.785315	0	0.000000	2.117455	556	0.269784	0.478000	0.514311	
458	0.740175	542	0.293358	5.785315	0	0.000000	2.117455	542	0.293358	0.498000	0.514298	
465	0.748387	535	0.300935	5.785315	0	0.000000	2.117455	535	0.300935	0.509000	0.514294	
444	0.736486	556	0.296763	5.785315	0	0.000000	2.117455	556	0.296763	0.492000	0.514276	
414	0.775362	586	0.296928	5.785315	0	0.000000	2.117455	586	0.296928	0.495000	0.514261	
427	0.754098	573	0.275742	5.785315	0	0.000000	2.117455	573	0.275742	0.480000	0.514234	
400	0.775000	600	0.348333	5.785315	0	0.000000	2.117455	600	0.348333	0.519000	0.514237	
457	0.761488	543	0.333333	5.785315	0	0.000000	2.117455	543	0.333333	0.529000	0.514249	
464	0.806034	536	0.307836	5.785315	0	0.000000	2.117455	536	0.307836	0.539000	0.514269	
469	0.812367	531	0.331450	5.785315	0	0.000000	2.117455	531	0.331450	0.557000	0.514303	
453	0.830022	547	0.340037	5.785315	0	0.000000	2.117455	547	0.340037	0.562000	0.514340	
409	0.797066	591	0.351946	5.785315	0	0.000000	2.117455	591	0.351946	0.534000	0.514356	
469	0.765458	531	0.291902	5.785315	0	0.000000	2.117455	531	0.291902	0.514000	0.514356	
459	0.775599	541	0.317930	5.785315	0	0.000000	2.117455	541	0.317930	0.528000	0.514366	
469	0.754797	531	0.318267	5.785315	0	0.000000	2.117455	531	0.318267	0.523000	0.514373	
430	0.769767	570	0.343860	5.785315	0	0.000000	2.117455	570	0.343860	0.527000	0.514383	
453	0.777042	547	0.360146	5.785315	0	0.000000	2.117455	547	0.360146	0.549000	0.514410	
456	0.798246	544	0.327206	5.785315	0	0.000000	2.117455	544	0.327206	0.542000	0.514432	
438	0.803653	562	0.311388	5.785315	0	0.000000	2.117455	562	0.311388	0.527000	0.514442	
432	0.775463	568	0.339789	5.785315	0	0.000000	2.117455	568	0.339789	0.528000	0.514453	
468	0.792735	532	0.296992	5.785315	0	0.000000	2.117455	532	0.296992	0.529000	0.514464	
447	0.787472	553	0.303797	5.785315	0	0.000000	2.117455	553	0.303797	0.520000	0.514468	
441	0.764172	559	0.286225	5.785315	0	0.000000	2.117455	559	0.286225	0.497000	0.514455	
444	0.707207	556	0.282374	5.785315	0	0.000000	2.117455	556	0.282374	0.471000	0.514421	
418	0.753589	582	0.333333	5.785315	0	0.000000	2.117455	582	0.333333	0.509000	0.514416	
446	0.744395	554	0.346570	5.785315	0	0.000000	2.117455	554	0.346570	0.524000	0.514424	
457	0.805252	543	0.335175	5.785315	0	0.000000	2.117455	543	0.335175	0.550000	0.514452	
436	0.775229	564	0.312057	5.785315	0	0.000000	2.117455	564	0.312057	0.514000	0.514451	
443	0.776524	557	0.342908	5.785315	0	0.000000	2.117455	557	0.342908	0.535000	0.514467	
455	0.731868	545	0.343119	5.785315	0	0.000000	2.117455	545	0.343119	0.520000	0.514472	
426	0.795775	574	0.348432	5.785315	0	0.000000	2.117455	574	0.348432	0.539000	0.514491	
450	0.757778	550	0.320000	5.785315	0	0.000000	2.117455	550	0.320000	0.517000	0.514493	
424	0.816038	576	0.338542	5.785315	0	0.000000	2.117455	576	0.338542	0.541000	0.514513	
435	0.790805	565	0.302655	5.785315	0	0.000000	2.117455	565	0.302655	0.515000	0.514514	
435	0.788506	565	0.302655	5.785315	0	0.000000	2.117455	565	0.302655	0.514000	0.514513	
404	0.794554	596	0.348993	5.785315	0	0.000000	2.117455	596	0.348993	0.529000	0.514524	
429	0.794872	571	0.313485	5.785315	0	0.000000	2.117455	571	0.313485	0.520000	0.514529	
452	0.780973	548	0.344891	5.785315	0	0.000000	2.117455	548	0.344891	0.542000	0.514550	
438	0.778539	562	0.352313	5.785315	0	0.000000	2.117455	562	0.352313	0.539000	0.514569	
453	0.814570	547	0.332724	5.785315	0	0.000000	2.117455	547	0.332724	0.551000	0.514597	
432	0.759259	568	0.360915	5.785315	0	0.000000	2.117455	568	0.360915	0.533000	0.514611	
451	0.782705	549	0.318761	5.785315	0	0.000000	2.117455	549	0.318761	0.528000	0.514622	
443	0.808126	557	0.346499	5.785315	0	0.000000	2.117455	557	0.346499	0.551000	0.514650	
477	0.775681	523	0.346080	5.785315	0	0.000000	2.117455	523	0.346080	0.551000	0.514678	
452	0.807522	548	0.341241	5.785315	0	0.000000	2.117455	548	0.341241	0.552000	0.514706	
445	0.831461	555	0.362162	5.785315	0	0.000000	2.117455	555	0.362162	0.571000	0.514750	
424	0.768868	576	0.345486	5.785315	0	0.000000	2.117455	576	0.345486	0.525000	0.514757	
424	0.747642	576	0.340278	5.785315	0	0.000000	2.117455	576	0.340278	0.513000	0.514756	
425	0.792941	575	0.293913	5.785315	0	0.000000	2.117455	575	0.293913	0.506000	0.514749	
473	0.780127	527	0.314991	5.785315	0	0.000000	2.117455	527	0.314991	0.535000	0.514765	
469	0.776119	531	0.303202	5.785315	0	0.000000	2.117455	531	0.303202	0.525000	0.514773	
451	0.796009	549	0.275046	5.785315	0	0.000000	2.117455	549	0.275046	0.510000	0.514769	
429	0.757576	571	0.334501	5.785315	0	0.000000	2.117455	571	0.334501	0.516000	0.514770	
449	0.746102	551	0.324864	5.785315	0	0.000000	2.117455	551	0.324864	0.514000	0.514769	
459	0.803922	541	0.306839	5.785315	0	0.000000	2.117455	541	0.306839	0.535000	0.514785	
452	0.761062	548	0.268248	5.785315	0	0.000000	2.117455	548	0.268248	0.491000	0.514767	
422	0.772512	578	0.276817	5.785315	0	0.000000	2.117455	578	0.276817	0.486000	0.514745	
433	0.766744	567	0.296296	5.785315	0	0.000000	2.117455	567	0.296296	0.500000	0.514734	
429	0.759907	571	0.274956	5.785315	0	0.000000	2.117455	571	0.274956	0.483000	0.514709	
444	0.750000	556	0.296763	5.785315	0	0.000000	2.117455	556	0.296763	0.498000	0.514697	
434	0.744240	566	0.254417	5.785315	0	0.000000	2.117455	566	0.254417	0.467000	0.514660	
427	0.740047	573	0.301920	5.785315	0	0.000000	2.117455	573	0.301920	0.489000	0.514641	
415	0.730120	585	0.335043	5.785315	0	0.000000	2.117455	585	0.335043	0.499000	0.514629	
433	0.759815	567	0.310406	5.785315	0	0.000000	2.117455	567	0.310406	0.505000	0.514622	
443	0.781038	557	0.281867	5.785315	0	0.000000	2.117455	557	0.281867	0.503000	0.514613	
452	0.765487	548	0.322993	5.785315	0	0.000000	2.117455	548	0.322993	0.523000	0.514619	
413	0.760291	587	0.315162	5.785315	0	0.000000	2.117455	587	0.315162	0.499000	0.514607	
443	0.787810	557	0.321364	5.785315	0	0.000000	2.117455	557	0.321364	0.528000	0.514618	
466	0.785408	534	0.284644	5.785315	0	0.000000	2.117455	534	0.284644	0.518000	0.514620	
461	0.789588	539	0.309833	5.785315	0	0.000000	2.117455	539	0.309833	0.531000	0.514633	
464	0.810345	536	0.317164	5.785315	0	0.000000	2.117455	536	0.317164	0.546000	0.514656	
458	0.790393	542	0.317343	5.785315	0	0.000000	2.117455	542	0.317343	0.534000	0.514671	
456	0.758772	544	0.325368	5.785315	0	0.000000	2.117455	544	0.325368	0.523000	0.514677	
460	0.786957	540	0.303704	5.785315	0	0.000000	2.117455	540	0.303704	0.526000	0.514686	
432	0.782407	568	0.323944	5.785315	0	0.000000	2.117455	568	0.323944	0.522000	0.514691	
443	0.778781	557	0.321364	5.785315	0	0.000000	2.117455	557	0.321364	0.524000	0.514698	
440	0.777273	560	0.271429	5.785315	0	0.000000	2.117455	560	0.271429	0.494000	0.514683	
452	0.767699	548	0.286496	5.785315	0	0.000000	2.117455	548	0.286496	0.504000	0.514675	
415	0.730120	585	0.273504	5.785315	0	0.000000	2.117455	585	0.273504	0.463000	0.514636	
443	0.765237	557	0.298025	5.785315	0	0.000000	2.117455	557	0.298025	0.505000	0.514629	
419	0.747017	581	0.277108	5.785315	0	0.000000	2.117455	581	0.277108	0.474000	0.514598	
455	0.808791	545	0.293578	5.785315	0	0.000000	2.117455	545	0.293578	0.528000	0.514608	
432	0.740741	568	0.286972	5.785315	0	0.000000	2.117455	568	0.286972	0.483000	0.514585	
415	0.775904	585	0.288889	5.785315	0	0.000000	2.117455	585	0.288889	0.491000	0.514567	
415	0.727711	585	0.314530	5.785315	0	0.000000	2.117455	585	0.314530	0.486000	0.514546	
450	0.775556	550	0.340000	5.785315	0	0.000000	2.117455	550	0.340000	0.536000	0.514562	
431	0.765661	569	0.311072	5.785315	0	0.000000	2.117455	569	0.311072	0.507000	0.514556	
452	0.747788	548	0.308394	5.785315	0	0.000000	2.117455	548	0.308394	0.507000	0.514550	
417	0.774580	583	0.320755	5.785315	0	0.000000	2.117455	583	0.320755	0.510000	0.514547	
461	0.767896	539	0.283859	5.785315	0	0.000000	2.117455	539	0.283859	0.507000	0.514541	
437	0.798627	563	0.328597	5.785315	0	0.000000	2.117455	563	0.328597	0.534000	0.514556	
438	0.760274	562	0.306050	5.785315	0	0.000000	2.117455	562	0.306050	0.505000	0.514549	
449	0.790646	551	0.362976	5.785315	0	0.000000	2.117455	551	0.362976	0.555000	0.514579	
475	0.760000	525	0.344762	5.785315	0	0.000000	2.117455	525	0.344762	0.542000	0.514599	
428	0.768692	572	0.333916	5.785315	0	0.000000	2.117455	572	0.333916	0.520000	0.514603	
423	0.784870	577	0.329289	5.785315	0	0.000000	2.117455	577	0.329289	0.522000	0.514609	
451	0.764967	549	0.335155	5.785315	0	0.000000	2.117455	549	0.335155	0.529000	0.514619	
450	0.775556	550	0.285455	5.785315	0	0.000000	2.117455	550	0.285455	0.506000	0.514613	
423	0.775414	577	0.311958	5.785315	0	0.000000	2.117455	577	0.311958	0.508000	0.514608	
435	0.777011	565	0.355752	5.785315	0	0.000000	2.117455	565	0.355752	0.539000	0.514626	
460	0.771739	540	0.311111	5.785315	0	0.000000	2.117455	540	0.311111	0.523000	0.514632	
465	0.767742	535	0.327103	5.785315	0	0.000000	2.117455	535	0.327103	0.532000	0.514645	
444	0.761261	556	0.318345	5.785315	0	0.000000	2.117455	556	0.318345	0.515000	0.514645	
445	0.779775	555	0.324324	5.785315	0	0.000000	2.117455	555	0.324324	0.527000	0.514654	
433	0.745958	567	0.285714	5.785315	0	0.000000	2.117455	567	0.285714	0.485000	0.514632	
425	0.734118	575	0.311304	5.785315	0	0.000000	2.117455	575	0.311304	0.491000	0.514615	
416	0.783654	584	0.330479	5.785315	0	0.000000	2.117455	584	0.330479	0.519000	0.514618	
479	0.801670	521	0.310940	5.785315	0	0.000000	2.117455	521	0.310940	0.546000	0.514641	
457	0.778993	543	0.368324	5.785315	0	0.000000	2.117455	543	0.368324	0.556000	0.514672	
466	0.800429	534	0.333333	5.785315	0	0.000000	2.117455	534	0.333333	0.551000	0.514698	
413	0.803874	587	0.315162	5.785315	0	0.000000	2.117455	587	0.315162	0.517000	0.514700	
417	0.755396	583	0.313894	5.785315	0	0.000000	2.117455	583	0.313894	0.498000	0.514688	
427	0.800937	573	0.305410	5.785315	0	0.000000	2.117455	573	0.305410	0.517000	0.514689	
444	0.754505	556	0.359712	5.785315	0	0.000000	2.117455	556	0.359712	0.535000	0.514704	
445	0.770787	555	0.308108	5.785315	0	0.000000	2.117455	555	0.308108	0.514000	0.514704	
451	0.793792	549	0.336976	5.785315	0	0.000000	2.117455	549	0.336976	0.543000	0.514724	
449	0.788419	551	0.310345	5.785315	0	0.000000	2.117455	551	0.310345	0.525000	0.514732	
421	0.764846	579	0.324698	5.785315	0	0.000000	2.117455	579	0.324698	0.510000	0.514728	
415	0.746988	585	0.278632	5.785315	0	0.000000	2.117455	585	0.278632	0.473000	0.514698	
453	0.770419	547	0.351005	5.785315	0	0.000000	2.117455	547	0.351005	0.541000	0.514717	
457	0.800875	543	0.307551	5.785315	0	0.000000	2.117455	543	0.307551	0.533000	0.514731	
444	0.747748	556	0.365108	5.785315	0	0.000000	2.117455	556	0.365108	0.535000	0.514745	
425	0.776471	575	0.304348	5.785315	0	0.000000	2.117455	575	0.304348	0.505000	0.514738	
432	0.750000	568	0.279930	5.785315	0	0.000000	2.117455	568	0.279930	0.483000	0.514715	
447	0.729306	553	0.291139	5.785315	0	0.000000	2.117455	553	0.291139	0.487000	0.514695	
441	0.798186	559	0.302326	5.785315	0	0.000000	2.117455	559	0.302326	0.521000	0.514700	
442	0.794118	558	0.313620	5.785315	0	0.000000	2.117455	558	0.313620	0.526000	0.514708	
427	0.777518	573	0.366492	5.785315	0	0.000000	2.117455	573	0.366492	0.542000	0.514728	
438	0.753425	562	0.307829	5.785315	0	0.000000	2.117455	562	0.307829	0.503000	0.514719	
432	0.770833	568	0.313380	5.785315	0	0.000000	2.117455	568	0.313380	0.511000	0.514716	
431	0.777262	569	0.319859	5.785315	0	0.000000	2.117455	569	0.319859	0.517000	0.514718	
442	0.733032	558	0.317204	5.785315	0	0.000000	2.117455	558	0.317204	0.501000	0.514708	
460	0.784783	540	0.270370	5.785315	0	0.000000	2.117455	540	0.270370	0.507000	0.514703	
446	0.771300	554	0.285199	5.785315	0	0.000000	2.117455	554	0.285199	0.502000	0.514693	
418	0.777512	582	0.286942	5.785315	0	0.000000	2.117455	582	0.286942	0.492000	0.514677	
433	0.771363	567	0.283951	5.785315	0	0.000000	2.117455	567	0.283951	0.495000	0.514663	
448	0.783482	552	0.336957	5.785315	0	0.000000	2.117455	552	0.336957	0.537000	0.514679	
448	0.763393	552	0.346014	5.785315	0	0.000000	2.117455	552	0.346014	0.533000	0.514692	
451	0.778271	549	0.355191	5.785315	0	0.000000	2.117455	549	0.355191	0.546000	0.514715	
449	0.792873	551	0.323049	5.785315	0	0.000000	2.117455	551	0.323049	0.534000	0.514728	
432	0.750000	568	0.295775	5.785315	0	0.000000	2.117455	568	0.295775	0.492000	0.514712	
409	0.816626	591	0.297800	5.785315	0	0.000000	2.117455	591	0.297800	0.510000	0.514709	
425	0.785882	575	0.269565	5.785315	0	0.000000	2.117455	575	0.269565	0.489000	0.514690	
413	0.799031	587	0.320273	5.785315	0	0.000000	2.117455	587	0.320273	0.518000	0.514693	
416	0.716346	584	0.268836	5.785315	0	0.000000	2.117455	584	0.268836	0.455000	0.514650	
472	0.775424	528	0.250000	5.785315	0	0.000000	2.117455	528	0.250000	0.498000	0.514638	
485	0.800000	515	0.308738	5.785315	0	0.000000	2.117455	515	0.308738	0.547000	0.514661	
474	0.723629	526	0.269962	5.785315	0	0.000000	2.117455	526	0.269962	0.485000	0.514640	
464	0.771552	536	0.296642	5.785315	0	0.000000	2.117455	536	0.296642	0.517000	0.514642	
449	0.757238	551	0.286751	5.785315	0	0.000000	2.117455	551	0.286751	0.498000	0.514630	
470	0.770213	530	0.267925	5.785315	0	0.000000	2.117455	530	0.267925	0.504000	0.514622	
455	0.771429	545	0.264220	5.785315	0	0.000000	2.117455	545	0.264220	0.495000	0.514608	
426	0.772300	574	0.280488	5.785315	0	0.000000	2.117455	574	0.280488	0.490000	0.514591	
441	0.755102	559	0.293381	5.785315	0	0.000000	2.117455	559	0.293381	0.497000	0.514578	
450	0.755556	550	0.320000	5.785315	0	0.000000	2.117455	550	0.320000	0.516000	0.514579	
433	0.794457	567	0.296296	5.785315	0	0.000000	2.117455	567	0.296296	0.512000	0.514578	
449	0.817372	551	0.315789	5.785315	0	0.000000	2.117455	551	0.315789	0.541000	0.514596	
443	0.767494	557	0.303411	5.785315	0	0.000000	2.117455	557	0.303411	0.509000	0.514592	
438	0.783105	562	0.284698	5.785315	0	0.000000	2.117455	562	0.284698	0.503000	0.514584	
461	0.763557	539	0.302412	5.785315	0	0.000000	2.117455	539	0.302412	0.515000	0.514585	
444	0.740991	556	0.318345	5.785315	0	0.000000	2.117455	556	0.318345	0.506000	0.514578	
445	0.782022	555	0.317117	5.785315	0	0.000000	2.117455	555	0.317117	0.524000	0.514585	
423	0.784870	577	0.336222	5.785315	0	0.000000	2.117455	577	0.336222	0.526000	0.514593	
456	0.756579	544	0.310662	5.785315	0	0.000000	2.117455	544	0.310662	0.514000	0.514593	
453	0.807947	547	0.354662	5.785315	0	0.000000	2.117455	547	0.354662	0.560000	0.514625	
435	0.786207	565	0.315044	5.785315	0	0.000000	2.117455	565	0.315044	0.520000	0.514629	
467	0.783726	533	0.322702	5.785315	0	0.000000	2.117455	533	0.322702	0.538000	0.514645	
425	0.743529	575	0.320000	5.785315	0	0.000000	2.117455	575	0.320000	0.500000	0.514635	
409	0.799511	591	0.357022	5.785315	0	0.000000	2.117455	591	0.357022	0.538000	0.514651	
476	0.773109	524	0.307252	5.785315	0	0.000000	2.117455	524	0.307252	0.529000	0.514661	
431	0.767981	569	0.314587	5.785315	0	0.000000	2.117455	569	0.314587	0.510000	0.514658	
462	0.781385	538	0.310409	5.785315	0	0.000000	2.117455	538	0.310409	0.528000	0.514667	
440	0.806818	560	0.328571	5.785315	0	0.000000	2.117455	560	0.328571	0.539000	0.514684	
442	0.787330	558	0.313620	5.785315	0	0.000000	2.117455	558	0.313620	0.523000	0.514690	
416	0.766827	584	0.330479	5.785315	0	0.000000	2.117455	584	0.330479	0.512000	0.514688	
420	0.778571	580	0.258621	5.785315	0	0.000000	2.117455	580	0.258621	0.477000	0.514662	
432	0.756944	568	0.313380	5.785315	0	0.000000	2.117455	568	0.313380	0.505000	0.514655	
468	0.756410	532	0.278195	5.785315	0	0.000000	2.117455	532	0.278195	0.502000	0.514646	
456	0.800439	544	0.308824	5.785315	0	0.000000	2.117455	544	0.308824	0.533000	0.514659	
437	0.789474	563	0.333925	5.785315	0	0.000000	2.117455	563	0.333925	0.533000	0.514672	
453	0.779249	547	0.327239	5.785315	0	0.000000	2.117455	547	0.327239	0.532000	0.514684	
457	0.803063	543	0.283610	5.785315	0	0.000000	2.117455	543	0.283610	0.521000	0.514688	
435	0.779310	565	0.330973	5.785315	0	0.000000	2.117455	565	0.330973	0.526000	0.514696	
436	0.805046	564	0.303191	5.785315	0	0.000000	2.117455	564	0.303191	0.522000	0.514701	
422	0.815166	578	0.337370	5.785315	0	0.000000	2.117455	578	0.337370	0.539000	0.514718	
457	0.831510	543	0.344383	5.785315	0	0.000000	2.117455	543	0.344383	0.567000	0.514755	
458	0.792576	542	0.372694	5.785315	0	0.000000	2.117455	542	0.372694	0.565000	0.514789	
444	0.774775	556	0.334532	5.785315	0	0.000000	2.117455	556	0.334532	0.530000	0.514800	
432	0.789352	568	0.362676	5.785315	0	0.000000	2.117455	568	0.362676	0.547000	0.514822	
445	0.829213	555	0.367568	5.785315	0	0.000000	2.117455	555	0.367568	0.573000	0.514863	
485	0.797938	515	0.363107	5.785315	0	0.000000	2.117455	515	0.363107	0.574000	0.514903	
429	0.790210	571	0.374781	5.785315	0	0.000000	2.117455	571	0.374781	0.553000	0.514930	
460	0.786957	540	0.361111	5.785315	0	0.000000	2.117455	540	0.361111	0.557000	0.514959	
458	0.788210	542	0.392989	5.785315	0	0.000000	2.117455	542	0.392989	0.574000	0.515000	
457	0.768053	543	0.381215	5.785315	0	0.000000	2.117455	543	0.381215	0.558000	0.515029	
403	0.808933	597	0.351759	5.785315	0	0.000000	2.117455	597	0.351759	0.536000	0.515044	
425	0.788235	575	0.316522	5.785315	0	0.000000	2.117455	575	0.316522	0.517000	0.515045	
463	0.771058	537	0.307263	5.785315	0	0.000000	2.117455	537	0.307263	0.522000	0.515050	
450	0.808889	550	0.361818	5.785315	0	0.000000	2.117455	550	0.361818	0.563000	0.515083	
457	0.757112	543	0.307551	5.785315	0	0.000000	2.117455	543	0.307551	0.513000	0.515081	
442	0.828054	558	0.326165	5.785315	0	0.000000	2.117455	558	0.326165	0.548000	0.515104	
436	0.805046	564	0.375887	5.785315	0	0.000000	2.117455	564	0.375887	0.563000	0.515137	
495	0.791919	505	0.352475	5.785315	0	0.000000	2.117455	505	0.352475	0.570000	0.515175	
447	0.778523	553	0.298373	5.785315	0	0.000000	2.117455	553	0.298373	0.513000	0.515173	
452	0.811947	548	0.333942	5.785315	0	0.000000	2.117455	548	0.333942	0.550000	0.515197	
470	0.787234	530	0.358491	5.785315	0	0.000000	2.117455	530	0.358491	0.560000	0.515228	
456	0.785088	544	0.352941	5.785315	0	0.000000	2.117455	544	0.352941	0.550000	0.515252	
416	0.778846	584	0.349315	5.785315	0	0.000000	2.117455	584	0.349315	0.528000	0.515260	
423	0.775414	577	0.353553	5.785315	0	0.000000	2.117455	577	0.353553	0.532000	0.515272	
459	0.790850	541	0.340111	5.785315	0	0.000000	2.117455	541	0.340111	0.547000	0.515293	
497	0.790744	503	0.369781	5.785315	0	0.000000	2.117455	503	0.369781	0.579000	0.515337	
463	0.777538	537	0.329609	5.785315	0	0.000000	2.117455	537	0.329609	0.537000	0.515352	
458	0.781659	542	0.326568	5.785315	0	0.000000	2.117455	542	0.326568	0.535000	0.515365	
446	0.791480	554	0.353791	5.785315	0	0.000000	2.117455	554	0.353791	0.549000	0.515388	
435	0.825287	565	0.288496	5.785315	0	0.000000	2.117455	565	0.288496	0.522000	0.515392	
444	0.799550	556	0.323741	5.785315	0	0.000000	2.117455	556	0.323741	0.535000	0.515406	
458	0.818777	542	0.322878	5.785315	0	0.000000	2.117455	542	0.322878	0.550000	0.515429	
462	0.744589	538	0.312268	5.785315	0	0.000000	2.117455	538	0.312268	0.512000	0.515427	
408	0.762255	592	0.305743	5.785315	0	0.000000	2.117455	592	0.305743	0.492000	0.515411	
429	0.776224	571	0.316988	5.785315	0	0.000000	2.117455	571	0.316988	0.514000	0.515410	
429	0.785548	571	0.306480	5.785315	0	0.000000	2.117455	571	0.306480	0.512000	0.515408	
465	0.752688	535	0.278505	5.785315	0	0.000000	2.117455	535	0.278505	0.499000	0.515397	
451	0.760532	549	0.318761	5.785315	0	0.000000	2.117455	549	0.318761	0.518000	0.515398	
444	0.774775	556	0.287770	5.785315	0	0.000000	2.117455	556	0.287770	0.504000	0.515391	
458	0.762009	542	0.274908	5.785315	0	0.000000	2.117455	542	0.274908	0.498000	0.515379	
451	0.745011	549	0.306011	5.785315	0	0.000000	2.117455	549	0.306011	0.504000	0.515371	
458	0.764192	542	0.300738	5.785315	0	0.000000	2.117455	542	0.300738	0.513000	0.515370	
458	0.783843	542	0.306273	5.785315	0	0.000000	2.117455	542	0.306273	0.525000	0.515376	
461	0.774403	539	0.335807	5.785315	0	0.000000	2.117455	539	0.335807	0.538000	0.515391	
439	0.769932	561	0.304813	5.785315	0	0.000000	2.117455	561	0.304813	0.509000	0.515387	
463	0.775378	537	0.299814	5.785315	0	0.000000	2.117455	537	0.299814	0.520000	0.515390	
442	0.760181	558	0.320789	5.785315	0	0.000000	2.117455	558	0.320789	0.515000	0.515390	
437	0.725400	563	0.330373	5.785315	0	0.000000	2.117455	563	0.330373	0.503000	0.515382	
419	0.787589	581	0.333907	5.785315	0	0.000000	2.117455	581	0.333907	0.524000	0.515387	
443	0.801354	557	0.298025	5.785315	0	0.000000	2.117455	557	0.298025	0.521000	0.515391	
454	0.799559	546	0.302198	5.785315	0	0.000000	2.117455	546	0.302198	0.528000	0.515400	
441	0.743764	559	0.311270	5.785315	0	0.000000	2.117455	559	0.311270	0.502000	0.515391	
445	0.777528	555	0.263063	5.785315	0	0.000000	2.117455	555	0.263063	0.492000	0.515375	
421	0.805226	579	0.307427	5.785315	0	0.000000	2.117455	579	0.307427	0.517000	0.515376	
435	0.767816	565	0.318584	5.785315	0	0.000000	2.117455	565	0.318584	0.514000	0.515375	
452	0.769912	548	0.322993	5.785315	0	0.000000	2.117455	548	0.322993	0.525000	0.515382	
461	0.754881	539	0.333952	5.785315	0	0.000000	2.117455	539	0.333952	0.528000	0.515390	
450	0.757778	550	0.332727	5.785315	0	0.000000	2.117455	550	0.332727	0.524000	0.515396	
436	0.784404	564	0.294326	5.785315	0	0.000000	2.117455	564	0.294326	0.508000	0.515391	
450	0.766667	550	0.321818	5.785315	0	0.000000	2.117455	550	0.321818	0.522000	0.515395	
449	0.781737	551	0.339383	5.785315	0	0.000000	2.117455	551	0.339383	0.538000	0.515410	
430	0.811628	570	0.382456	5.785315	0	0.000000	2.117455	570	0.382456	0.567000	0.515445	
453	0.781457	547	0.352834	5.785315	0	0.000000	2.117455	547	0.352834	0.547000	0.515466	
458	0.775109	542	0.332103	5.785315	0	0.000000	2.117455	542	0.332103	0.535000	0.515479	
452	0.763274	548	0.301095	5.785315	0	0.000000	2.117455	548	0.301095	0.510000	0.515475	
442	0.773756	558	0.290323	5.785315	0	0.000000	2.117455	558	0.290323	0.504000	0.515467	
451	0.742794	549	0.329690	5.785315	0	0.000000	2.117455	549	0.329690	0.516000	0.515468	
479	0.812109	521	0.343570	5.785315	0	0.000000	2.117455	521	0.343570	0.568000	0.515503	
456	0.804825	544	0.330882	5.785315	0	0.000000	2.117455	544	0.330882	0.547000	0.515524	
402	0.828358	598	0.272575	5.785315	0	0.000000	2.117455	598	0.272575	0.496000	0.515511	
428	0.785047	572	0.335664	5.785315	0	0.000000	2.117455	572	0.335664	0.528000	0.515519	
461	0.761388	539	0.294991	5.785315	0	0.000000	2.117455	539	0.294991	0.510000	0.515515	
447	0.787472	553	0.321881	5.785315	0	0.000000	2.117455	553	0.321881	0.530000	0.515525	
472	0.773305	528	0.293561	5.785315	0	0.000000	2.117455	528	0.293561	0.520000	0.515528	
448	0.781250	552	0.356884	5.785315	0	0.000000	2.117455	552	0.356884	0.547000	0.515549	
444	0.768018	556	0.303957	5.785315	0	0.000000	2.117455	556	0.303957	0.510000	0.515545	
460	0.784783	540	0.274074	5.785315	0	0.000000	2.117455	540	0.274074	0.509000	0.515541	
470	0.785106	530	0.352830	5.785315	0	0.000000	2.117455	530	0.352830	0.556000	0.515567	
452	0.767699	548	0.297445	5.785315	0	0.000000	2.117455	548	0.297445	0.510000	0.515564	
446	0.798206	554	0.339350	5.785315	0	0.000000	2.117455	554	0.339350	0.544000	0.515582	
468	0.773504	532	0.330827	5.785315	0	0.000000	2.117455	532	0.330827	0.538000	0.515597	
454	0.770925	546	0.302198	5.785315	0	0.000000	2.117455	546	0.302198	0.515000	0.515597	
466	0.804721	534	0.337079	5.785315	0	0.000000	2.117455	534	0.337079	0.555000	0.515623	
444	0.781532	556	0.291367	5.785315	0	0.000000	2.117455	556	0.291367	0.509000	0.515618	
441	0.775510	559	0.286225	5.785315	0	0.000000	2.117455	559	0.286225	0.502000	0.515609	
440	0.795455	560	0.305357	5.785315	0	0.000000	2.117455	560	0.305357	0.521000	0.515613	
454	0.777533	546	0.294872	5.785315	0	0.000000	2.117455	546	0.294872	0.514000	0.515612	
426	0.812207	574	0.296167	5.785315	0	0.000000	2.117455	574	0.296167	0.516000	0.515612	
464	0.788793	536	0.326493	5.785315	0	0.000000	2.117455	536	0.326493	0.541000	0.515629	
454	0.786344	546	0.313187	5.785315	0	0.000000	2.117455	546	0.313187	0.528000	0.515637	
428	0.778037	572	0.291958	5.785315	0	0.000000	2.117455	572	0.291958	0.500000	0.515626	
445	0.773034	555	0.308108	5.785315	0	0.000000	2.117455	555	0.308108	0.515000	0.515626	
456	0.743421	544	0.288603	5.785315	0	0.000000	2.117455	544	0.288603	0.496000	0.515613	
463	0.766739	537	0.310987	5.785315	0	0.000000	2.117455	537	0.310987	0.522000	0.515617	
424	0.783019	576	0.329861	5.785315	0	0.000000	2.117455	576	0.329861	0.522000	0.515622	
466	0.787554	534	0.299625	5.785315	0	0.000000	2.117455	534	0.299625	0.527000	0.515629	
421	0.750594	579	0.350604	5.785315	0	0.000000	2.117455	579	0.350604	0.519000	0.515631	
426	0.755869	574	0.283972	5.785315	0	0.000000	2.117455	574	0.283972	0.485000	0.515611	
424	0.771226	576	0.345486	5.785315	0	0.000000	2.117455	576	0.345486	0.526000	0.515618	
452	0.772124	548	0.315693	5.785315	0	0.000000	2.117455	548	0.315693	0.522000	0.515622	
452	0.816372	548	0.301095	5.785315	0	0.000000	2.117455	548	0.301095	0.534000	0.515634	
421	0.714964	579	0.297064	5.785315	0	0.000000	2.117455	579	0.297064	0.473000	0.515606	
451	0.815965	549	0.296903	5.785315	0	0.000000	2.117455	549	0.296903	0.531000	0.515616	
436	0.752294	564	0.297872	5.785315	0	0.000000	2.117455	564	0.297872	0.496000	0.515604	
439	0.797267	561	0.286988	5.785315	0	0.000000	2.117455	561	0.286988	0.511000	0.515601	
466	0.828326	534	0.277154	5.785315	0	0.000000	2.117455	534	0.277154	0.534000	0.515613	
450	0.760000	550	0.312727	5.785315	0	0.000000	2.117455	550	0.312727	0.514000	0.515612	
444	0.754505	556	0.327338	5.785315	0	0.000000	2.117455	556	0.327338	0.517000	0.515612	
434	0.781106	566	0.272085	5.785315	0	0.000000	2.117455	566	0.272085	0.493000	0.515598	
439	0.783599	561	0.311943	5.785315	0	0.000000	2.117455	561	0.311943	0.519000	0.515600	
432	0.777778	568	0.299296	5.785315	0	0.000000	2.117455	568	0.299296	0.506000	0.515594	
444	0.774775	556	0.345324	5.785315	0	0.000000	2.117455	556	0.345324	0.536000	0.515607	
428	0.820093	572	0.311189	5.785315	0	0.000000	2.117455	572	0.311189	0.529000	0.515616	
429	0.787879	571	0.313485	5.785315	0	0.000000	2.117455	571	0.313485	0.517000	0.515617	
473	0.767442	527	0.294118	5.785315	0	0.000000	2.117455	527	0.294118	0.518000	0.515618	
471	0.766454	529	0.300567	5.785315	0	0.000000	2.117455	529	0.300567	0.520000	0.515621	
436	0.791284	564	0.322695	5.785315	0	0.000000	2.117455	564	0.322695	0.527000	0.515628	
451	0.751663	549	0.307832	5.785315	0	0.000000	2.117455	549	0.307832	0.508000	0.515623	
465	0.776344	535	0.304673	5.785315	0	0.000000	2.117455	535	0.304673	0.524000	0.515629	
431	0.772622	569	0.300527	5.785315	0	0.000000	2.117455	569	0.300527	0.504000	0.515621	
431	0.819026	569	0.332162	5.785315	0	0.000000	2.117455	569	0.332162	0.542000	0.515638	
435	0.770115	565	0.293805	5.785315	0	0.000000	2.117455	565	0.293805	0.501000	0.515629	
424	0.808962	576	0.288194	5.785315	0	0.000000	2.117455	576	0.288194	0.509000	0.515625	
417	0.729017	583	0.291595	5.785315	0	0.000000	2.117455	583	0.291595	0.474000	0.515598	
452	0.785398	548	0.308394	5.785315	0	0.000000	2.117455	548	0.308394	0.524000	0.515603	
441	0.741497	559	0.309481	5.785315	0	0.000000	2.117455	559	0.309481	0.500000	0.515593	
401	0.765586	599	0.332220	5.785315	0	0.000000	2.117455	599	0.332220	0.506000	0.515587	
441	0.761905	559	0.296959	5.785315	0	0.000000	2.117455	559	0.296959	0.502000	0.515578	
457	0.765864	543	0.283610	5.785315	0	0.000000	2.117455	543	0.283610	0.504000	0.515571	
448	0.772321	552	0.284420	5.785315	0	0.000000	2.117455	552	0.284420	0.503000	0.515563	
435	0.795402	565	0.283186	5.785315	0	0.000000	2.117455	565	0.283186	0.506000	0.515557	
444	0.761261	556	0.309353	5.785315	0	0.000000	2.117455	556	0.309353	0.510000	0.515553	
444	0.709459	556	0.296763	5.785315	0	0.000000	2.117455	556	0.296763	0.480000	0.515531	
446	0.793722	554	0.301444	5.785315	0	0.000000	2.117455	554	0.301444	0.521000	0.515534	
444	0.777027	556	0.293165	5.785315	0	0.000000	2.117455	556	0.293165	0.508000	0.515530	
430	0.774419	570	0.338596	5.785315	0	0.000000	2.117455	570	0.338596	0.526000	0.515536	
416	0.793269	584	0.349315	5.785315	0	0.000000	2.117455	584	0.349315	0.534000	0.515548	
439	0.760820	561	0.319073	5.785315	0	0.000000	2.117455	561	0.319073	0.513000	0.515546	
443	0.742664	557	0.332136	5.785315	0	0.000000	2.117455	557	0.332136	0.514000	0.515545	
446	0.719731	554	0.314079	5.785315	0	0.000000	2.117455	554	0.314079	0.495000	0.515532	
410	0.758537	590	0.318644	5.785315	0	0.000000	2.117455	590	0.318644	0.499000	0.515522	
417	0.793765	583	0.313894	5.785315	0	0.000000	2.117455	583	0.313894	0.514000	0.515521	
444	0.783784	556	0.285971	5.785315	0	0.000000	2.117455	556	0.285971	0.507000	0.515515	
454	0.726872	546	0.313187	5.785315	0	0.000000	2.117455	546	0.313187	0.501000	0.515506	
459	0.764706	541	0.306839	5.785315	0	0.000000	2.117455	541	0.306839	0.517000	0.515507	
405	0.802469	595	0.285714	5.785315	0	0.000000	2.117455	595	0.285714	0.495000	0.515494	
441	0.789116	559	0.311270	5.785315	0	0.000000	2.117455	559	0.311270	0.522000	0.515498	
445	0.752809	555	0.308108	5.785315	0	0.000000	2.117455	555	0.308108	0.506000	0.515492	
430	0.748837	570	0.310526	5.785315	0	0.000000	2.117455	570	0.310526	0.499000	0.515482	
451	0.807095	549	0.333333	5.785315	0	0.000000	2.117455	549	0.333333	0.547000	0.515502	
439	0.769932	561	0.308378	5.785315	0	0.000000	2.117455	561	0.308378	0.511000	0.515499	
463	0.751620	537	0.312849	5.785315	0	0.000000	2.117455	537	0.312849	0.516000	0.515499	
449	0.721604	551	0.272232	5.785315	0	0.000000	2.117455	551	0.272232	0.474000	0.515473	
445	0.770787	555	0.317117	5.785315	0	0.000000	2.117455	555	0.317117	0.519000	0.515476	
443	0.772009	557	0.296230	5.785315	0	0.000000	2.117455	557	0.296230	0.507000	0.515470	
445	0.757303	555	0.324324	5.785315	0	0.000000	2.117455	555	0.324324	0.517000	0.515471	
407	0.764128	593	0.313659	5.785315	0	0.000000	2.117455	593	0.313659	0.497000	0.515460	
450	0.760000	550	0.303636	5.785315	0	0.000000	2.117455	550	0.303636	0.509000	0.515456	
446	0.755605	554	0.344765	5.785315	0	0.000000	2.117455	554	0.344765	0.528000	0.515463	
438	0.805936	562	0.291815	5.785315	0	0.000000	2.117455	562	0.291815	0.517000	0.515464	
451	0.798226	549	0.264117	5.785315	0	0.000000	2.117455	549	0.264117	0.505000	0.515458	
445	0.759551	555	0.329730	5.785315	0	0.000000	2.117455	555	0.329730	0.521000	0.515461	
409	0.782396	591	0.302876	5.785315	0	0.000000	2.117455	591	0.302876	0.499000	0.515451	
423	0.803783	577	0.287695	5.785315	0	0.000000	2.117455	577	0.287695	0.506000	0.515445	
433	0.766744	567	0.232804	5.785315	0	0.000000	2.117455	567	0.232804	0.464000	0.515413	
425	0.755294	575	0.276522	5.785315	0	0.000000	2.117455	575	0.276522	0.480000	0.515391	
462	0.770563	538	0.258364	5.785315	0	0.000000	2.117455	538	0.258364	0.495000	0.515378	
406	0.793103	594	0.301347	5.785315	0	0.000000	2.117455	594	0.301347	0.501000	0.515369	
435	0.754023	565	0.267257	5.785315	0	0.000000	2.117455	565	0.267257	0.479000	0.515347	
412	0.754854	588	0.278912	5.785315	0	0.000000	2.117455	588	0.278912	0.475000	0.515322	
452	0.727876	548	0.302920	5.785315	0	0.000000	2.117455	548	0.302920	0.495000	0.515309	
433	0.741339	567	0.282187	5.785315	0	0.000000	2.117455	567	0.282187	0.481000	0.515288	
464	0.745690	536	0.240672	5.785315	0	0.000000	2.117455	536	0.240672	0.475000	0.515263	
456	0.793860	544	0.290441	5.785315	0	0.000000	2.117455	544	0.290441	0.520000	0.515266	
460	0.750000	540	0.275926	5.785315	0	0.000000	2.117455	540	0.275926	0.494000	0.515252	
462	0.757576	538	0.301115	5.785315	0	0.000000	2.117455	538	0.301115	0.512000	0.515250	
418	0.734450	582	0.293814	5.785315	0	0.000000	2.117455	582	0.293814	0.478000	0.515227	
433	0.773672	567	0.250441	5.785315	0	0.000000	2.117455	567	0.250441	0.477000	0.515204	
411	0.742092	589	0.298812	5.785315	0	0.000000	2.117455	589	0.298812	0.481000	0.515183	
454	0.775330	546	0.307692	5.785315	0	0.000000	2.117455	546	0.307692	0.520000	0.515186	
436	0.759174	564	0.289007	5.785315	0	0.000000	2.117455	564	0.289007	0.494000	0.515173	
443	0.758465	557	0.292639	5.785315	0	0.000000	2.117455	557	0.292639	0.499000	0.515163	
468	0.717949	532	0.296992	5.785315	0	0.000000	2.117455	532	0.296992	0.494000	0.515149	
419	0.720764	581	0.268503	5.785315	0	0.000000	2.117455	581	0.268503	0.458000	0.515114	
424	0.742925	576	0.295139	5.785315	0	0.000000	2.117455	576	0.295139	0.485000	0.515096	
415	0.778313	585	0.278632	5.785315	0	0.000000	2.117455	585	0.278632	0.486000	0.515078	
470	0.785106	530	0.305660	5.785315	0	0.000000	2.117455	530	0.305660	0.531000	0.515088	
459	0.777778	541	0.329020	5.785315	0	0.000000	2.117455	541	0.329020	0.535000	0.515100	
446	0.748879	554	0.305054	5.785315	0	0.000000	2.117455	554	0.305054	0.503000	0.515092	
454	0.775330	546	0.296703	5.785315	0	0.000000	2.117455	546	0.296703	0.514000	0.515092	
450	0.735556	550	0.276364	5.785315	0	0.000000	2.117455	550	0.276364	0.483000	0.515072	
450	0.802222	550	0.307273	5.785315	0	0.000000	2.117455	550	0.307273	0.530000	0.515081	
453	0.790287	547	0.323583	5.785315	0	0.000000	2.117455	547	0.323583	0.535000	0.515093	
481	0.769231	519	0.298651	5.785315	0	0.000000	2.117455	519	0.298651	0.525000	0.515100	
423	0.827423	577	0.322357	5.785315	0	0.000000	2.117455	577	0.322357	0.536000	0.515112	
473	0.778013	527	0.297913	5.785315	0	0.000000	2.117455	527	0.297913	0.525000	0.515118	
472	0.724576	528	0.352273	5.785315	0	0.000000	2.117455	528	0.352273	0.528000	0.515126	
424	0.813679	576	0.315972	5.785315	0	0.000000	2.117455	576	0.315972	0.527000	0.515133	
437	0.784897	563	0.337478	5.785315	0	0.000000	2.117455	563	0.337478	0.533000	0.515144	
454	0.788546	546	0.309524	5.785315	0	0.000000	2.117455	546	0.309524	0.527000	0.515152	
460	0.780435	540	0.344444	5.785315	0	0.000000	2.117455	540	0.344444	0.545000	0.515170	
415	0.795181	585	0.312821	5.785315	0	0.000000	2.117455	585	0.312821	0.513000	0.515168	
442	0.771493	558	0.290323	5.785315	0	0.000000	2.117455	558	0.290323	0.503000	0.515161	
438	0.826484	562	0.346975	5.785315	0	0.000000	2.117455	562	0.346975	0.557000	0.515187	
418	0.832536	582	0.340206	5.785315	0	0.000000	2.117455	582	0.340206	0.546000	0.515205	
459	0.766885	541	0.356747	5.785315	0	0.000000	2.117455	541	0.356747	0.545000	0.515223	
446	0.773543	554	0.310469	5.785315	0	0.000000	2.117455	554	0.310469	0.517000	0.515224	
444	0.819820	556	0.332734	5.785315	0	0.000000	2.117455	556	0.332734	0.549000	0.515245	
425	0.767059	575	0.321739	5.785315	0	0.000000	2.117455	575	0.321739	0.511000	0.515242	
418	0.753589	582	0.300687	5.785315	0	0.000000	2.117455	582	0.300687	0.490000	0.515227	
422	0.770142	578	0.290657	5.785315	0	0.000000	2.117455	578	0.290657	0.493000	0.515214	
444	0.763514	556	0.298561	5.785315	0	0.000000	2.117455	556	0.298561	0.505000	0.515207	
452	0.738938	548	0.321168	5.785315	0	0.000000	2.117455	548	0.321168	0.510000	0.515204	
475	0.772632	525	0.293333	5.785315	0	0.000000	2.117455	525	0.293333	0.521000	0.515208	
443	0.781038	557	0.337522	5.785315	0	0.000000	2.117455	557	0.337522	0.534000	0.515219	
482	0.790456	518	0.318533	5.785315	0	0.000000	2.117455	518	0.318533	0.546000	0.515238	
449	0.781737	551	0.346642	5.785315	0	0.000000	2.117455	551	0.346642	0.542000	0.515254	
423	0.765957	577	0.306759	5.785315	0	0.000000	2.117455	577	0.306759	0.501000	0.515245	
452	0.829646	548	0.339416	5.785315	0	0.000000	2.117455	548	0.339416	0.561000	0.515273	
466	0.778970	534	0.348315	5.785315	0	0.000000	2.117455	534	0.348315	0.549000	0.515293	
434	0.811060	566	0.295053	5.785315	0	0.000000	2.117455	566	0.295053	0.519000	0.515295	
433	0.771363	567	0.294533	5.785315	0	0.000000	2.117455	567	0.294533	0.501000	0.515287	
443	0.801354	557	0.307002	5.785315	0	0.000000	2.117455	557	0.307002	0.526000	0.515293	
458	0.751092	542	0.306273	5.785315	0	0.000000	2.117455	542	0.306273	0.510000	0.515290	
470	0.774468	530	0.311321	5.785315	0	0.000000	2.117455	530	0.311321	0.529000	0.515298	
455	0.756044	545	0.339450	5.785315	0	0.000000	2.117455	545	0.339450	0.529000	0.515307	
425	0.804706	575	0.320000	5.785315	0	0.000000	2.117455	575	0.320000	0.526000	0.515313	
426	0.795775	574	0.343206	5.785315	0	0.000000	2.117455	574	0.343206	0.536000	0.515325	
458	0.766376	542	0.276753	5.785315	0	0.000000	2.117455	542	0.276753	0.501000	0.515317	
470	0.776596	530	0.369811	5.785315	0	0.000000	2.117455	530	0.369811	0.561000	0.515344	
440	0.775000	560	0.373214	5.785315	0	0.000000	2.117455	560	0.373214	0.550000	0.515365	
439	0.826879	561	0.351159	5.785315	0	0.000000	2.117455	561	0.351159	0.560000	0.515392	
447	0.794183	553	0.341772	5.785315	0	0.000000	2.117455	553	0.341772	0.544000	0.515409	
446	0.782511	554	0.339350	5.785315	0	0.000000	2.117455	554	0.339350	0.537000	0.515422	
459	0.779956	541	0.365989	5.785315	0	0.000000	2.117455	541	0.365989	0.556000	0.515446	
440	0.831818	560	0.325000	5.785315	0	0.000000	2.117455	560	0.325000	0.548000	0.515465	
441	0.752834	559	0.354204	5.785315	0	0.000000	2.117455	559	0.354204	0.530000	0.515474	
431	0.767981	569	0.304042	5.785315	0	0.000000	2.117455	569	0.304042	0.504000	0.515467	
405	0.777778	595	0.299160	5.785315	0	0.000000	2.117455	595	0.299160	0.493000	0.515454	
422	0.774882	578	0.316609	5.785315	0	0.000000	2.117455	578	0.316609	0.510000	0.515451	
461	0.748373	539	0.311688	5.785315	0	0.000000	2.117455	539	0.311688	0.513000	0.515449	
451	0.756098	549	0.316940	5.785315	0	0.000000	2.117455	549	0.316940	0.515000	0.515449	
442	0.791855	558	0.304659	5.785315	0	0.000000	2.117455	558	0.304659	0.520000	0.515452	
433	0.812933	567	0.329806	5.785315	0	0.000000	2.117455	567	0.329806	0.539000	0.515466	
442	0.785068	558	0.351254	5.785315	0	0.000000	2.117455	558	0.351254	0.543000	0.515482	
500	0.796000	500	0.290000	5.785315	0	0.000000	2.117455	500	0.290000	0.543000	0.515498	
463	0.812095	537	0.279330	5.785315	0	0.000000	2.117455	537	0.279330	0.526000	0.515504	
456	0.780702	544	0.299632	5.785315	0	0.000000	2.117455	544	0.299632	0.519000	0.515507	
450	0.791111	550	0.334545	5.785315	0	0.000000	2.117455	550	0.334545	0.540000	0.515521	
468	0.790598	532	0.319549	5.785315	0	0.000000	2.117455	532	0.319549	0.540000	0.515536	
421	0.771971	579	0.324698	5.785315	0	0.000000	2.117455	579	0.324698	0.513000	0.515534	
396	0.782828	604	0.296358	5.785315	0	0.000000	2.117455	604	0.296358	0.489000	0.515518	
449	0.835189	551	0.335753	5.785315	0	0.000000	2.117455	551	0.335753	0.560000	0.515545	
446	0.773543	554	0.288809	5.785315	0	0.000000	2.117455	554	0.288809	0.505000	0.515538	
446	0.789238	554	0.357401	5.785315	0	0.000000	2.117455	554	0.357401	0.550000	0.515559	
447	0.785235	553	0.325497	5.785315	0	0.000000	2.117455	553	0.325497	0.531000	0.515568	
452	0.767699	548	0.337591	5.785315	0	0.000000	2.117455	548	0.337591	0.532000	0.515578	
472	0.773305	528	0.331439	5.785315	0	0.000000	2.117455	528	0.331439	0.540000	0.515592	
445	0.770787	555	0.317117	5.785315	0	0.000000	2.117455	555	0.317117	0.519000	0.515594	
433	0.831409	567	0.289242	5.785315	0	0.000000	2.117455	567	0.289242	0.524000	0.515599	
429	0.808858	571	0.366025	5.785315	0	0.000000	2.117455	571	0.366025	0.556000	0.515623	
451	0.800443	549	0.342441	5.785315	0	0.000000	2.117455	549	0.342441	0.549000	0.515642	
464	0.803879	536	0.320896	5.785315	0	0.000000	2.117455	536	0.320896	0.545000	0.515660	
452	0.794248	548	0.333942	5.785315	0	0.000000	2.117455	548	0.333942	0.542000	0.515675	
417	0.786571	583	0.360206	5.785315	0	0.000000	2.117455	583	0.360206	0.538000	0.515688	
446	0.771300	554	0.335740	5.785315	0	0.000000	2.117455	554	0.335740	0.530000	0.515696	
435	0.793103	565	0.355752	5.785315	0	0.000000	2.117455	565	0.355752	0.546000	0.515714	
444	0.756757	556	0.311151	5.785315	0	0.000000	2.117455	556	0.311151	0.509000	0.515710	
445	0.761798	555	0.288288	5.785315	0	0.000000	2.117455	555	0.288288	0.499000	0.515701	
457	0.778993	543	0.305709	5.785315	0	0.000000	2.117455	543	0.305709	0.522000	0.515704	
422	0.781991	578	0.318339	5.785315	0	0.000000	2.117455	578	0.318339	0.514000	0.515703	
410	0.780488	590	0.338983	5.785315	0	0.000000	2.117455	590	0.338983	0.520000	0.515706	
406	0.788177	594	0.360269	5.785315	0	0.000000	2.117455	594	0.360269	0.534000	0.515716	
437	0.803204	563	0.326821	5.785315	0	0.000000	2.117455	563	0.326821	0.535000	0.515728	
439	0.772210	561	0.338681	5.785315	0	0.000000	2.117455	561	0.338681	0.529000	0.515735	
457	0.759300	543	0.338858	5.785315	0	0.000000	2.117455	543	0.338858	0.531000	0.515744	
468	0.769231	532	0.296992	5.785315	0	0.000000	2.117455	532	0.296992	0.518000	0.515746	
464	0.810345	536	0.358209	5.785315	0	0.000000	2.117455	536	0.358209	0.568000	0.515776	
445	0.773034	555	0.335135	5.785315	0	0.000000	2.117455	555	0.335135	0.530000	0.515784	
428	0.778037	572	0.337413	5.785315	0	0.000000	2.117455	572	0.337413	0.526000	0.515790	
443	0.753950	557	0.324955	5.785315	0	0.000000	2.117455	557	0.324955	0.515000	0.515790	
456	0.732456	544	0.319853	5.785315	0	0.000000	2.117455	544	0.319853	0.508000	0.515785	
471	0.783439	529	0.279773	5.785315	0	0.000000	2.117455	529	0.279773	0.517000	0.515786	
464	0.754310	536	0.294776	5.785315	0	0.000000	2.117455	536	0.294776	0.508000	0.515781	
443	0.765237	557	0.328546	5.785315	0	0.000000	2.117455	557	0.328546	0.522000	0.515785	
429	0.771562	571	0.306480	5.785315	0	0.000000	2.117455	571	0.306480	0.506000	0.515779	
458	0.768559	542	0.289668	5.785315	0	0.000000	2.117455	542	0.289668	0.509000	0.515775	
430	0.737209	570	0.326316	5.785315	0	0.000000	2.117455	570	0.326316	0.503000	0.515768	
432	0.780093	568	0.334507	5.785315	0	0.000000	2.117455	568	0.334507	0.527000	0.515775	
462	0.820346	538	0.343866	5.785315	0	0.000000	2.117455	538	0.343866	0.564000	0.515802	
471	0.794055	529	0.359168	5.785315	0	0.000000	2.117455	529	0.359168	0.564000	0.515830	
438	0.732877	562	0.330961	5.785315	0	0.000000	2.117455	562	0.330961	0.507000	0.515825	
458	0.772926	542	0.298893	5.785315	0	0.000000	2.117455	542	0.298893	0.516000	0.515825	
454	0.814978	546	0.320513	5.785315	0	0.000000	2.117455	546	0.320513	0.545000	0.515842	
477	0.771488	523	0.302103	5.785315	0	0.000000	2.117455	523	0.302103	0.526000	0.515848	
453	0.799117	547	0.303473	5.785315	0	0.000000	2.117455	547	0.303473	0.528000	0.515855	
461	0.750542	539	0.330241	5.785315	0	0.000000	2.117455	539	0.330241	0.524000	0.515860	
485	0.756701	515	0.316505	5.785315	0	0.000000	2.117455	515	0.316505	0.530000	0.515868	
464	0.773707	536	0.335821	5.785315	0	0.000000	2.117455	536	0.335821	0.539000	0.515881	
437	0.796339	563	0.333925	5.785315	0	0.000000	2.117455	563	0.333925	0.536000	0.515893	
437	0.773455	563	0.287744	5.785315	0	0.000000	2.117455	563	0.287744	0.500000	0.515884	
451	0.764967	549	0.265938	5.785315	0	0.000000	2.117455	549	0.265938	0.491000	0.515869	
444	0.786036	556	0.318345	5.785315	0	0.000000	2.117455	556	0.318345	0.526000	0.515875	
454	0.764317	546	0.298535	5.785315	0	0.000000	2.117455	546	0.298535	0.510000	0.515872	
466	0.778970	534	0.299625	5.785315	0	0.000000	2.117455	534	0.299625	0.523000	0.515876	
420	0.764286	580	0.322414	5.785315	0	0.000000	2.117455	580	0.322414	0.508000	0.515871	
435	0.804598	565	0.299115	5.785315	0	0.000000	2.117455	565	0.299115	0.519000	0.515873	
438	0.785388	562	0.291815	5.785315	0	0.000000	2.117455	562	0.291815	0.508000	0.515869	
429	0.797203	571	0.306480	5.785315	0	0.000000	2.117455	571	0.306480	0.517000	0.515869	
442	0.739819	558	0.275986	5.785315	0	0.000000	2.117455	558	0.275986	0.481000	0.515849	
408	0.779412	592	0.278716	5.785315	0	0.000000	2.117455	592	0.278716	0.483000	0.515831	
388	0.768041	612	0.295752	5.785315	0	0.000000	2.117455	612	0.295752	0.479000	0.515810	
451	0.773836	549	0.322404	5.785315	0	0.000000	2.117455	549	0.322404	0.526000	0.515815	
465	0.741935	535	0.314019	5.785315	0	0.000000	2.117455	535	0.314019	0.513000	0.515814	
443	0.783296	557	0.312388	5.785315	0	0.000000	2.117455	557	0.312388	0.521000	0.515817	
430	0.816279	570	0.359649	5.785315	0	0.000000	2.117455	570	0.359649	0.556000	0.515840	
457	0.761488	543	0.322284	5.785315	0	0.000000	2.117455	543	0.322284	0.523000	0.515844	
430	0.732558	570	0.291228	5.785315	0	0.000000	2.117455	570	0.291228	0.481000	0.515824	
418	0.758373	582	0.329897	5.785315	0	0.000000	2.117455	582	0.329897	0.509000	0.515820	
440	0.761364	560	0.325000	5.785315	0	0.000000	2.117455	560	0.325000	0.517000	0.515821	
455	0.778022	545	0.354128	5.785315	0	0.000000	2.117455	545	0.354128	0.547000	0.515838	
454	0.766520	546	0.298535	5.785315	0	0.000000	2.117455	546	0.298535	0.511000	0.515836	
415	0.773494	585	0.302564	5.785315	0	0.000000	2.117455	585	0.302564	0.498000	0.515825	
451	0.782705	549	0.322404	5.785315	0	0.000000	2.117455	549	0.322404	0.530000	0.515834	
441	0.770975	559	0.330948	5.785315	0	0.000000	2.117455	559	0.330948	0.525000	0.515839	
446	0.852018	554	0.344765	5.785315	0	0.000000	2.117455	554	0.344765	0.571000	0.515870	
440	0.834091	560	0.337500	5.785315	0	0.000000	2.117455	560	0.337500	0.556000	0.515893	
433	0.810624	567	0.328042	5.785315	0	0.000000	2.117455	567	0.328042	0.537000	0.515905	
417	0.762590	583	0.337907	5.785315	0	0.000000	2.117455	583	0.337907	0.515000	0.515904	
461	0.718004	539	0.328386	5.785315	0	0.000000	2.117455	539	0.328386	0.508000	0.515900	
460	0.791304	540	0.320370	5.785315	0	0.000000	2.117455	540	0.320370	0.537000	0.515912	
430	0.760465	570	0.324561	5.785315	0	0.000000	2.117455	570	0.324561	0.512000	0.515909	
459	0.779956	541	0.317930	5.785315	0	0.000000	2.117455	541	0.317930	0.530000	0.515917	
437	0.787185	563	0.252220	5.785315	0	0.000000	2.117455	563	0.252220	0.486000	0.515900	
438	0.776256	562	0.304270	5.785315	0	0.000000	2.117455	562	0.304270	0.511000	0.515898	
420	0.766667	580	0.294828	5.785315	0	0.000000	2.117455	580	0.294828	0.493000	0.515885	
437	0.768879	563	0.325044	5.785315	0	0.000000	2.117455	563	0.325044	0.519000	0.515887	
444	0.763514	556	0.273381	5.785315	0	0.000000	2.117455	556	0.273381	0.491000	0.515873	
428	0.778037	572	0.321678	5.785315	0	0.000000	2.117455	572	0.321678	0.517000	0.515873	
462	0.803030	538	0.314126	5.785315	0	0.000000	2.117455	538	0.314126	0.540000	0.515887	
418	0.770335	582	0.324742	5.785315	0	0.000000	2.117455	582	0.324742	0.511000	0.515884	
440	0.750000	560	0.312500	5.785315	0	0.000000	2.117455	560	0.312500	0.505000	0.515878	
435	0.749425	565	0.295575	5.785315	0	0.000000	2.117455	565	0.295575	0.493000	0.515865	
433	0.766744	567	0.296296	5.785315	0	0.000000	2.117455	567	0.296296	0.500000	0.515856	
427	0.791569	573	0.296684	5.785315	0	0.000000	2.117455	573	0.296684	0.508000	0.515852	
412	0.781553	588	0.278912	5.785315	0	0.000000	2.117455	588	0.278912	0.486000	0.515835	
430	0.758140	570	0.310526	5.785315	0	0.000000	2.117455	570	0.310526	0.503000	0.515828	
446	0.771300	554	0.317690	5.785315	0	0.000000	2.117455	554	0.317690	0.520000	0.515830	
454	0.788546	546	0.349817	5.785315	0	0.000000	2.117455	546	0.349817	0.549000	0.515849	
452	0.778761	548	0.330292	5.785315	0	0.000000	2.117455	548	0.330292	0.533000	0.515858	
468	0.747863	532	0.366541	5.785315	0	0.000000	2.117455	532	0.366541	0.545000	0.515875	
444	0.779279	556	0.321942	5.785315	0	0.000000	2.117455	556	0.321942	0.525000	0.515880	
440	0.775000	560	0.323214	5.785315	0	0.000000	2.117455	560	0.323214	0.522000	0.515883	
426	0.774648	574	0.329268	5.785315	0	0.000000	2.117455	574	0.329268	0.519000	0.515885	
435	0.756322	565	0.320354	5.785315	0	0.000000	2.117455	565	0.320354	0.510000	0.515882	
440	0.781818	560	0.319643	5.785315	0	0.000000	2.117455	560	0.319643	0.523000	0.515886	
428	0.764019	572	0.354895	5.785315	0	0.000000	2.117455	572	0.354895	0.530000	0.515893	
444	0.786036	556	0.300360	5.785315	0	0.000000	2.117455	556	0.300360	0.516000	0.515893	
469	0.759062	531	0.297552	5.785315	0	0.000000	2.117455	531	0.297552	0.514000	0.515892	
433	0.787529	567	0.305115	5.785315	0	0.000000	2.117455	567	0.305115	0.514000	0.515891	
410	0.787805	590	0.279661	5.785315	0	0.000000	2.117455	590	0.279661	0.488000	0.515876	
449	0.732739	551	0.288566	5.785315	0	0.000000	2.117455	551	0.288566	0.488000	0.515860	
435	0.786207	565	0.307965	5.785315	0	0.000000	2.117455	565	0.307965	0.516000	0.515860	
462	0.764069	538	0.291822	5.785315	0	0.000000	2.117455	538	0.291822	0.510000	0.515857	
428	0.778037	572	0.311189	5.785315	0	0.000000	2.117455	572	0.311189	0.511000	0.515854	
452	0.774336	548	0.308394	5.785315	0	0.000000	2.117455	548	0.308394	0.519000	0.515856	
447	0.738255	553	0.285714	5.785315	0	0.000000	2.117455	553	0.285714	0.488000	0.515841	
455	0.745055	545	0.297248	5.785315	0	0.000000	2.117455	545	0.297248	0.501000	0.515833	
435	0.737931	565	0.304425	5.785315	0	0.000000	2.117455	565	0.304425	0.493000	0.515820	
455	0.745055	545	0.267890	5.785315	0	0.000000	2.117455	545	0.267890	0.485000	0.515803	
445	0.739326	555	0.284685	5.785315	0	0.000000	2.117455	555	0.284685	0.487000	0.515787	
442	0.771493	558	0.281362	5.785315	0	0.000000	2.117455	558	0.281362	0.498000	0.515777	
447	0.738255	553	0.309222	5.785315	0	0.000000	2.117455	553	0.309222	0.501000	0.515769	
455	0.725275	545	0.278899	5.785315	0	0.000000	2.117455	545	0.278899	0.482000	0.515750	
429	0.731935	571	0.281961	5.785315	0	0.000000	2.117455	571	0.281961	0.475000	0.515728	
436	0.784404	564	0.297872	5.785315	0	0.000000	2.117455	564	0.297872	0.510000	0.515725	
448	0.785714	552	0.266304	5.785315	0	0.000000	2.117455	552	0.266304	0.499000	0.515716	
418	0.784689	582	0.290378	5.785315	0	0.000000	2.117455	582	0.290378	0.497000	0.515705	
441	0.712018	559	0.311270	5.785315	0	0.000000	2.117455	559	0.311270	0.488000	0.515690	
439	0.774487	561	0.270945	5.785315	0	0.000000	2.117455	561	0.270945	0.492000	0.515677	
475	0.774737	525	0.268571	5.785315	0	0.000000	2.117455	525	0.268571	0.509000	0.515673	
443	0.758465	557	0.319569	5.785315	0	0.000000	2.117455	557	0.319569	0.514000	0.515672	
436	0.733945	564	0.290780	5.785315	0	0.000000	2.117455	564	0.290780	0.484000	0.515655	
421	0.781473	579	0.321244	5.785315	0	0.000000	2.117455	579	0.321244	0.515000	0.515655	
423	0.713948	577	0.337955	5.785315	0	0.000000	2.117455	577	0.337955	0.497000	0.515644	
445	0.750562	555	0.279279	5.785315	0	0.000000	2.117455	555	0.279279	0.489000	0.515630	
401	0.768080	599	0.305509	5.785315	0	0.000000	2.117455	599	0.305509	0.491000	0.515616	
431	0.726218	569	0.311072	5.785315	0	0.000000	2.117455	569	0.311072	0.490000	0.515602	
441	0.775510	559	0.332737	5.785315	0	0.000000	2.117455	559	0.332737	0.528000	0.515609	
465	0.830108	535	0.328972	5.785315	0	0.000000	2.117455	535	0.328972	0.562000	0.515634	
428	0.792056	572	0.342657	5.785315	0	0.000000	2.117455	572	0.342657	0.535000	0.515645	
417	0.815348	583	0.334477	5.785315	0	0.000000	2.117455	583	0.334477	0.535000	0.515656	
428	0.754673	572	0.328671	5.785315	0	0.000000	2.117455	572	0.328671	0.511000	0.515653	
450	0.760000	550	0.318182	5.785315	0	0.000000	2.117455	550	0.318182	0.517000	0.515654	
418	0.794258	582	0.331615	5.785315	0	0.000000	2.117455	582	0.331615	0.525000	0.515659	
431	0.758701	569	0.300527	5.785315	0	0.000000	2.117455	569	0.300527	0.498000	0.515649	
453	0.763797	547	0.310786	5.785315	0	0.000000	2.117455	547	0.310786	0.516000	0.515650	
428	0.721963	572	0.332168	5.785315	0	0.000000	2.117455	572	0.332168	0.499000	0.515640	
433	0.762125	567	0.340388	5.785315	0	0.000000	2.117455	567	0.340388	0.523000	0.515644	
424	0.780660	576	0.333333	5.785315	0	0.000000	2.117455	576	0.333333	0.523000	0.515648	
431	0.779582	569	0.340949	5.785315	0	0.000000	2.117455	569	0.340949	0.530000	0.515656	
431	0.802784	569	0.309315	5.785315	0	0.000000	2.117455	569	0.309315	0.522000	0.515660	
470	0.763830	530	0.326415	5.785315	0	0.000000	2.117455	530	0.326415	0.532000	0.515669	
451	0.780488	549	0.340619	5.785315	0	0.000000	2.117455	549	0.340619	0.539000	0.515681	
439	0.808656	561	0.299465	5.785315	0	0.000000	2.117455	561	0.299465	0.523000	0.515685	
443	0.781038	557	0.323160	5.785315	0	0.000000	2.117455	557	0.323160	0.526000	0.515691	
448	0.792411	552	0.322464	5.785315	0	0.000000	2.117455	552	0.322464	0.533000	0.515700	
455	0.734066	545	0.333945	5.785315	0	0.000000	2.117455	545	0.333945	0.516000	0.515700	
433	0.789838	567	0.331570	5.785315	0	0.000000	2.117455	567	0.331570	0.530000	0.515708	
444	0.768018	556	0.336331	5.785315	0	0.000000	2.117455	556	0.336331	0.528000	0.515715	
444	0.738739	556	0.289568	5.785315	0	0.000000	2.117455	556	0.289568	0.489000	0.515700	
465	0.780645	535	0.293458	5.785315	0	0.000000	2.117455	535	0.293458	0.520000	0.515703	
483	0.780538	517	0.301741	5.785315	0	0.000000	2.117455	517	0.301741	0.533000	0.515712	
447	0.807606	553	0.291139	5.785315	0	0.000000	2.117455	553	0.291139	0.522000	0.515715	
414	0.760870	586	0.300341	5.785315	0	0.000000	2.117455	586	0.300341	0.491000	0.515702	
465	0.767742	535	0.280374	5.785315	0	0.000000	2.117455	535	0.280374	0.507000	0.515697	
468	0.737179	532	0.295113	5.785315	0	0.000000	2.117455	532	0.295113	0.502000	0.515690	
456	0.793860	544	0.316176	5.785315	0	0.000000	2.117455	544	0.316176	0.534000	0.515700	
445	0.761798	555	0.331532	5.785315	0	0.000000	2.117455	555	0.331532	0.523000	0.515704	
449	0.806236	551	0.339383	5.785315	0	0.000000	2.117455	551	0.339383	0.549000	0.515722	
456	0.789474	544	0.327206	5.785315	0	0.000000	2.117455	544	0.327206	0.538000	0.515734	
451	0.789357	549	0.331512	5.785315	0	0.000000	2.117455	549	0.331512	0.538000	0.515746	
486	0.777778	514	0.291829	5.785315	0	0.000000	2.117455	514	0.291829	0.528000	0.515752	
445	0.788764	555	0.349550	5.785315	0	0.000000	2.117455	555	0.349550	0.545000	0.515768	
448	0.785714	552	0.300725	5.785315	0	0.000000	2.117455	552	0.300725	0.518000	0.515769	
438	0.751142	562	0.350534	5.785315	0	0.000000	2.117455	562	0.350534	0.526000	0.515775	
441	0.770975	559	0.289803	5.785315	0	0.000000	2.117455	559	0.289803	0.502000	0.515767	
433	0.780600	567	0.312169	5.785315	0	0.000000	2.117455	567	0.312169	0.515000	0.515767	
439	0.776765	561	0.281640	5.785315	0	0.000000	2.117455	561	0.281640	0.499000	0.515758	
465	0.787097	535	0.334579	5.785315	0	0.000000	2.117455	535	0.334579	0.545000	0.515773	
450	0.791111	550	0.340000	5.785315	0	0.000000	2.117455	550	0.340000	0.543000	0.515788	
448	0.812500	552	0.353261	5.785315	0	0.000000	2.117455	552	0.353261	0.559000	0.515811	
458	0.772926	542	0.330258	5.785315	0	0.000000	2.117455	542	0.330258	0.533000	0.515820	
453	0.805740	547	0.352834	5.785315	0	0.000000	2.117455	547	0.352834	0.558000	0.515843	
460	0.802174	540	0.333333	5.785315	0	0.000000	2.117455	540	0.333333	0.549000	0.515860	
450	0.788889	550	0.394545	5.785315	0	0.000000	2.117455	550	0.394545	0.572000	0.515890	
446	0.793722	554	0.285199	5.785315	0	0.000000	2.117455	554	0.285199	0.512000	0.515888	
456	0.778509	544	0.288603	5.785315	0	0.000000	2.117455	544	0.288603	0.512000	0.515886	
466	0.768240	534	0.290262	5.785315	0	0.000000	2.117455	534	0.290262	0.513000	0.515885	
452	0.765487	548	0.326642	5.785315	0	0.000000	2.117455	548	0.326642	0.525000	0.515890	
459	0.799564	541	0.319778	5.785315	0	0.000000	2.117455	541	0.319778	0.540000	0.515902	
440	0.763636	560	0.332143	5.785315	0	0.000000	2.117455	560	0.332143	0.522000	0.515906	
457	0.741794	543	0.314917	5.785315	0	0.000000	2.117455	543	0.314917	0.510000	0.515902	
448	0.761161	552	0.304348	5.785315	0	0.000000	2.117455	552	0.304348	0.509000	0.515899	
450	0.760000	550	0.294545	5.785315	0	0.000000	2.117455	550	0.294545	0.504000	0.515893	
442	0.776018	558	0.293907	5.785315	0	0.000000	2.117455	558	0.293907	0.507000	0.515888	
458	0.770742	542	0.315498	5.785315	0	0.000000	2.117455	542	0.315498	0.524000	0.515892	
430	0.788372	570	0.303509	5.785315	0	0.000000	2.117455	570	0.303509	0.512000	0.515890	
432	0.761574	568	0.297535	5.785315	0	0.000000	2.117455	568	0.297535	0.498000	0.515881	
479	0.757829	521	0.358925	5.785315	0	0.000000	2.117455	521	0.358925	0.550000	0.515899	
442	0.805430	558	0.322581	5.785315	0	0.000000	2.117455	558	0.322581	0.536000	0.515909	
426	0.758216	574	0.339721	5.785315	0	0.000000	2.117455	574	0.339721	0.518000	0.515910	
436	0.772936	564	0.281915	5.785315	0	0.000000	2.117455	564	0.281915	0.496000	0.515900	
435	0.797701	565	0.307965	5.785315	0	0.000000	2.117455	565	0.307965	0.521000	0.515903	
437	0.748284	563	0.301954	5.785315	0	0.000000	2.117455	563	0.301954	0.497000	0.515893	
448	0.750000	552	0.304348	5.785315	0	0.000000	2.117455	552	0.304348	0.504000	0.515886	
441	0.786848	559	0.304114	5.785315	0	0.000000	2.117455	559	0.304114	0.517000	0.515887	
456	0.774123	544	0.295956	5.785315	0	0.000000	2.117455	544	0.295956	0.514000	0.515886	
457	0.754923	543	0.292818	5.785315	0	0.000000	2.117455	543	0.292818	0.504000	0.515880	
443	0.751693	557	0.256732	5.785315	0	0.000000	2.117455	557	0.256732	0.476000	0.515859	
460	0.789130	540	0.288889	5.785315	0	0.000000	2.117455	540	0.288889	0.519000	0.515860	
409	0.806846	591	0.311337	5.785315	0	0.000000	2.117455	591	0.311337	0.514000	0.515859	
447	0.782998	553	0.280289	5.785315	0	0.000000	2.117455	553	0.280289	0.505000	0.515854	
456	0.785088	544	0.323529	5.785315	0	0.000000	2.117455	544	0.323529	0.534000	0.515863	
463	0.779698	537	0.329609	5.785315	0	0.000000	2.117455	537	0.329609	0.538000	0.515875	
470	0.782979	530	0.333962	5.785315	0	0.000000	2.117455	530	0.333962	0.545000	0.515890	
474	0.776371	526	0.344106	5.785315	0	0.000000	2.117455	526	0.344106	0.549000	0.515907	
453	0.801325	547	0.329068	5.785315	0	0.000000	2.117455	547	0.329068	0.543000	0.515922	
435	0.779310	565	0.364602	5.785315	0	0.000000	2.117455	565	0.364602	0.545000	0.515937	
453	0.823400	547	0.347349	5.785315	0	0.000000	2.117455	547	0.347349	0.563000	0.515961	
461	0.774403	539	0.354360	5.785315	0	0.000000	2.117455	539	0.354360	0.548000	0.515978	
450	0.786667	550	0.340000	5.785315	0	0.000000	2.117455	550	0.340000	0.541000	0.515991	
445	0.788764	555	0.336937	5.785315	0	0.000000	2.117455	555	0.336937	0.538000	0.516003	
466	0.791845	534	0.325843	5.785315	0	0.000000	2.117455	534	0.325843	0.543000	0.516017	
459	0.762527	541	0.338262	5.785315	0	0.000000	2.117455	541	0.338262	0.533000	0.516026	
435	0.772414	565	0.329204	5.785315	0	0.000000	2.117455	565	0.329204	0.522000	0.516029	
424	0.778302	576	0.345486	5.785315	0	0.000000	2.117455	576	0.345486	0.529000	0.516036	
449	0.770601	551	0.326679	5.785315	0	0.000000	2.117455	551	0.326679	0.526000	0.516041	
453	0.781457	547	0.318099	5.785315	0	0.000000	2.117455	547	0.318099	0.528000	0.516047	
439	0.749431	561	0.306595	5.785315	0	0.000000	2.117455	561	0.306595	0.501000	0.516039	
472	0.750000	528	0.325758	5.785315	0	0.000000	2.117455	528	0.325758	0.526000	0.516045	
442	0.789593	558	0.302867	5.785315	0	0.000000	2.117455	558	0.302867	0.518000	0.516046	
456	0.758772	544	0.354779	5.785315	0	0.000000	2.117455	544	0.354779	0.539000	0.516057	
471	0.766454	529	0.293006	5.785315	0	0.000000	2.117455	529	0.293006	0.516000	0.516057	
456	0.756579	544	0.295956	5.785315	0	0.000000	2.117455	544	0.295956	0.506000	0.516052	
452	0.761062	548	0.333942	5.785315	0	0.000000	2.117455	548	0.333942	0.527000	0.516058	
444	0.792793	556	0.339928	5.785315	0	0.000000	2.117455	556	0.339928	0.541000	0.516071	
467	0.790150	533	0.322702	5.785315	0	0.000000	2.117455	533	0.322702	0.541000	0.516084	
460	0.806522	540	0.322222	5.785315	0	0.000000	2.117455	540	0.322222	0.545000	0.516099	
463	0.805616	537	0.342644	5.785315	0	0.000000	2.117455	537	0.342644	0.557000	0.516120	
447	0.774049	553	0.332731	5.785315	0	0.000000	2.117455	553	0.332731	0.530000	0.516127	
457	0.768053	543	0.329650	5.785315	0	0.000000	2.117455	543	0.329650	0.530000	0.516134	
440	0.818182	560	0.346429	5.785315	0	0.000000	2.117455	560	0.346429	0.554000	0.516154	
425	0.757647	575	0.340870	5.785315	0	0.000000	2.117455	575	0.340870	0.518000	0.516155	
430	0.751163	570	0.298246	5.785315	0	0.000000	2.117455	570	0.298246	0.493000	0.516143	
426	0.753521	574	0.299652	5.785315	0	0.000000	2.117455	574	0.299652	0.493000	0.516131	
461	0.796095	539	0.309833	5.785315	0	0.000000	2.117455	539	0.309833	0.534000	0.516140	
451	0.798226	549	0.315118	5.785315	0	0.000000	2.117455	549	0.315118	0.533000	0.516149	
456	0.807018	544	0.334559	5.785315	0	0.000000	2.117455	544	0.334559	0.550000	0.516166	
444	0.759009	556	0.303957	5.785315	0	0.000000	2.117455	556	0.303957	0.506000	0.516161	
450	0.737778	550	0.296364	5.785315	0	0.000000	2.117455	550	0.296364	0.495000	0.516150	
430	0.786047	570	0.336842	5.785315	0	0.000000	2.117455	570	0.336842	0.530000	0.516157	
454	0.773128	546	0.322344	5.785315	0	0.000000	2.117455	546	0.322344	0.527000	0.516163	
434	0.764977	566	0.330389	5.785315	0	0.000000	2.117455	566	0.330389	0.519000	0.516164	
472	0.790254	528	0.327652	5.785315	0	0.000000	2.117455	528	0.327652	0.546000	0.516180	
429	0.790210	571	0.341506	5.785315	0	0.000000	2.117455	571	0.341506	0.534000	0.516189	
487	0.772074	513	0.306043	5.785315	0	0.000000	2.117455	513	0.306043	0.533000	0.516198	
426	0.805164	574	0.325784	5.785315	0	0.000000	2.117455	574	0.325784	0.530000	0.516205	
443	0.792325	557	0.341113	5.785315	0	0.000000	2.117455	557	0.341113	0.541000	0.516217	
429	0.804196	571	0.320490	5.785315	0	0.000000	2.117455	571	0.320490	0.528000	0.516223	
450	0.780000	550	0.372727	5.785315	0	0.000000	2.117455	550	0.372727	0.556000	0.516244	
439	0.769932	561	0.358289	5.785315	0	0.000000	2.117455	561	0.358289	0.539000	0.516256	
449	0.786192	551	0.368421	5.785315	0	0.000000	2.117455	551	0.368421	0.556000	0.516276	
460	0.756522	540	0.316667	5.785315	0	0.000000	2.117455	540	0.316667	0.519000	0.516277	
446	0.719731	554	0.333935	5.785315	0	0.000000	2.117455	554	0.333935	0.506000	0.516272	
430	0.767442	570	0.307018	5.785315	0	0.000000	2.117455	570	0.307018	0.505000	0.516266	
442	0.778281	558	0.327957	5.785315	0	0.000000	2.117455	558	0.327957	0.527000	0.516272	
443	0.767494	557	0.289048	5.785315	0	0.000000	2.117455	557	0.289048	0.501000	0.516264	
450	0.755556	550	0.330909	5.785315	0	0.000000	2.117455	550	0.330909	0.522000	0.516267	
447	0.787472	553	0.327306	5.785315	0	0.000000	2.117455	553	0.327306	0.533000	0.516275	
450	0.782222	550	0.312727	5.785315	0	0.000000	2.117455	550	0.312727	0.524000	0.516279	
462	0.755411	538	0.301115	5.785315	0	0.000000	2.117455	538	0.301115	0.511000	0.516277	
429	0.790210	571	0.276708	5.785315	0	0.000000	2.117455	571	0.276708	0.497000	0.516267	
433	0.782910	567	0.261023	5.785315	0	0.000000	2.117455	567	0.261023	0.487000	0.516252	
460	0.791304	540	0.318519	5.785315	0	0.000000	2.117455	540	0.318519	0.536000	0.516262	
469	0.820896	531	0.297552	5.785315	0	0.000000	2.117455	531	0.297552	0.543000	0.516276	
442	0.778281	558	0.327957	5.785315	0	0.000000	2.117455	558	0.327957	0.527000	0.516281	
443	0.814898	557	0.337522	5.785315	0	0.000000	2.117455	557	0.337522	0.549000	0.516298	
433	0.752887	567	0.349206	5.785315	0	0.000000	2.117455	567	0.349206	0.524000	0.516302	
452	0.763274	548	0.293796	5.785315	0	0.000000	2.117455	548	0.293796	0.506000	0.516296	
435	0.760920	565	0.288496	5.785315	0	0.000000	2.117455	565	0.288496	0.494000	0.516285	
436	0.798165	564	0.319149	5.785315	0	0.000000	2.117455	564	0.319149	0.528000	0.516291	
422	0.774882	578	0.328720	5.785315	0	0.000000	2.117455	578	0.328720	0.517000	0.516291	
453	0.803532	547	0.329068	5.785315	0	0.000000	2.117455	547	0.329068	0.544000	0.516305	
444	0.772523	556	0.329137	5.785315	0	0.000000	2.117455	556	0.329137	0.526000	0.516310	
438	0.792237	562	0.309609	5.785315	0	0.000000	2.117455	562	0.309609	0.521000	0.516313	
443	0.762980	557	0.357271	5.785315	0	0.000000	2.117455	557	0.357271	0.537000	0.516323	
474	0.765823	526	0.393536	5.785315	0	0.000000	2.117455	526	0.393536	0.570000	0.516350	
475	0.774737	525	0.331429	5.785315	0	0.000000	2.117455	525	0.331429	0.542000	0.516363	
456	0.811404	544	0.332721	5.785315	0	0.000000	2.117455	544	0.332721	0.551000	0.516381	
426	0.816901	574	0.329268	5.785315	0	0.000000	2.117455	574	0.329268	0.537000	0.516391	
401	0.795511	599	0.335559	5.785315	0	0.000000	2.117455	599	0.335559	0.520000	0.516393	
446	0.778027	554	0.321300	5.785315	0	0.000000	2.117455	554	0.321300	0.525000	0.516397	
420	0.776190	580	0.305172	5.785315	0	0.000000	2.117455	580	0.305172	0.503000	0.516391	
453	0.794702	547	0.314442	5.785315	0	0.000000	2.117455	547	0.314442	0.532000	0.516398	
446	0.816143	554	0.337545	5.785315	0	0.000000	2.117455	554	0.337545	0.551000	0.516416	
460	0.815217	540	0.370370	5.785315	0	0.000000	2.117455	540	0.370370	0.575000	0.516445	
460	0.810870	540	0.346296	5.785315	0	0.000000	2.117455	540	0.346296	0.560000	0.516467	
454	0.792952	546	0.366300	5.785315	0	0.000000	2.117455	546	0.366300	0.560000	0.516489	
437	0.789474	563	0.335702	5.785315	0	0.000000	2.117455	563	0.335702	0.534000	0.516498	
458	0.751092	542	0.284133	5.785315	0	0.000000	2.117455	542	0.284133	0.498000	0.516489	
427	0.791569	573	0.329843	5.785315	0	0.000000	2.117455	573	0.329843	0.527000	0.516494	
449	0.806236	551	0.315789	5.785315	0	0.000000	2.117455	551	0.315789	0.536000	0.516504	
439	0.790433	561	0.338681	5.785315	0	0.000000	2.117455	561	0.338681	0.537000	0.516514	
479	0.768267	521	0.305182	5.785315	0	0.000000	2.117455	521	0.305182	0.527000	0.516519	
424	0.820755	576	0.378472	5.785315	0	0.000000	2.117455	576	0.378472	0.566000	0.516544	
464	0.808190	536	0.317164	5.785315	0	0.000000	2.117455	536	0.317164	0.545000	0.516558	
449	0.795100	551	0.303085	5.785315	0	0.000000	2.117455	551	0.303085	0.524000	0.516562	
429	0.762238	571	0.330998	5.785315	0	0.000000	2.117455	571	0.330998	0.516000	0.516562	
431	0.770302	569	0.330404	5.785315	0	0.000000	2.117455	569	0.330404	0.520000	0.516564	
449	0.783964	551	0.301270	5.785315	0	0.000000	2.117455	551	0.301270	0.518000	0.516564	
